# THALASSA - CARTESIAN COORDINATES                                                                                                                                                                      
#================================================================================================================================================================                                       
#                  MJD                 X [km]                 Y [km]                 Z [km]                VX [km]                VY [km]                VZ [km]                                        
 5.904300000000000E+04  7.628000000000000E+03  0.000000000000000E+00  0.000000000000000E+00  0.000000000000000E+00  7.228755662137984E+00  0.000000000000000E+00
 5.904400000000000E+04  7.080321523546198E+03  2.837263312793339E+03 -1.375395074010482E-02 -2.691151824979024E+00  6.709506687820626E+00  8.027037109727507E-06
 5.904500000000000E+04  5.515864165169750E+03  5.266932627619510E+03 -1.862137915903910E-02 -4.996284876710201E+00  5.226016861068731E+00  3.128783958041959E-05
 5.904600000000000E+04  3.159170203450374E+03  6.939758054806581E+03 -4.826421816409365E-03 -6.584316147823955E+00  2.990562672601936E+00  6.238841821395316E-05
 5.904700000000000E+04  3.487231957069030E+02  7.614931471341040E+03  3.167267327307852E-02 -7.226404381156921E+00  3.234713346318958E-01  8.958014342899156E-05
 5.904800000000000E+04 -2.511431698119563E+03  7.194804217259892E+03  8.748683390520480E-02 -6.828988660336543E+00 -2.392322211058225E+00  1.001768770606870E-04
 5.904900000000000E+04 -5.009616287529754E+03  5.739203506594457E+03  1.521530888152001E-01 -5.447749611319417E+00 -4.765943575188229E+00  8.431558166214057E-05
 5.905000000000000E+04 -6.785761596466027E+03  3.457170103655303E+03  2.104017896663016E-01 -3.280258937431040E+00 -6.454797676852655E+00  3.804001093836691E-05
 5.905100000000000E+04 -7.583443483636551E+03  6.771537869555393E+02  2.456740624641161E-01 -6.380879557889765E-01 -7.214256338652329E+00 -3.504811699083191E-05
 5.905200000000000E+04 -7.287134456691503E+03 -2.200165727840046E+03  2.440049625842965E-01  2.097836459676831E+00 -6.933500339124800E+00 -1.238439628351288E-04
 5.905300000000000E+04 -5.939167803104796E+03 -4.759685069148243E+03  1.975210876168518E-01  4.532284448815917E+00 -5.652097481075726E+00 -2.113465246900593E-04
 5.905400000000000E+04 -3.733833367060449E+03 -6.631939554995308E+03  1.070718859149483E-01  6.313173691673548E+00 -3.554674914477080E+00 -2.775232866448571E-04
 5.905500000000000E+04 -9.893736240833032E+02 -7.546652078001739E+03 -1.641496762498517E-02  7.182926181298307E+00 -9.442952468157431E-01 -3.031995792810963E-04
 5.905600000000000E+04  1.898079158994856E+03 -7.371910581685795E+03 -1.524372522364326E-01  7.016059245283679E+00  1.801625352909381E+00 -2.746332024448678E-04
 5.905700000000000E+04  4.511893359619475E+03 -6.133219377629647E+03 -2.738788026628569E-01  5.837373174889994E+00  4.286330770571582E+00 -1.879334542366699E-04
 5.905800000000000E+04  6.475241372438456E+03 -4.009652414331551E+03 -3.524506472203814E-01  3.818049806051354E+00  6.151457973644314E+00 -5.194179705646577E-05
 5.905900000000000E+04  7.505494386434232E+03 -1.307736240007693E+03 -3.655900164420117E-01  1.250361524240380E+00  7.128900513768037E+00  1.118218488666573E-04
 5.906000000000000E+04  7.454815189818519E+03  1.583029723875165E+03 -3.028855387536645E-01 -1.495078299512277E+00  7.079209846729943E+00  2.727578143524447E-04
 5.906100000000000E+04  6.331151125288780E+03  4.246458126244961E+03 -1.699428051469362E-01 -4.023064743123546E+00  6.011098734886592E+00  3.976844332736124E-04
 5.906200000000000E+04  4.296737510970001E+03  6.299572249276805E+03  1.166149705000149E-02 -5.970642919877986E+00  4.079504426877225E+00  4.585081487454236E-04
 5.906300000000000E+04  1.644482757195652E+03  7.447510621501408E+03  2.084229114033513E-01 -7.058899390950230E+00  1.562795304181775E+00  4.389423358629311E-04
 5.906400000000000E+04 -1.244256975413728E+03  7.525640923498131E+03  3.818427800183359E-01 -7.132465094512363E+00 -1.177396200845212E+00  3.385537275302366E-04
 5.906500000000000E+04 -3.954417570057909E+03  6.522967335602000E+03  4.964756743947724E-01 -6.181326027803085E+00 -3.747912002030904E+00  1.732925024467831E-04
 5.906600000000000E+04 -6.096675244583910E+03  4.583584457194359E+03  5.272830789226450E-01 -4.342027752242204E+00 -5.780080328103141E+00 -2.740188315289025E-05
 5.906700000000000E+04 -7.363175818858783E+03  1.986020172568197E+03  4.648744509830725E-01 -1.878188616620240E+00 -6.982184422366655E+00 -2.261637619378136E-04
 5.906800000000000E+04 -7.571656638828811E+03 -8.965954509482967E+02  3.177381907226834E-01  8.569447402104912E-01 -7.181081853986804E+00 -3.848230430599076E-04
 5.906900000000000E+04 -6.691695613523441E+03 -3.649911668880270E+03  1.110761751440948E-01  3.470712542824106E+00 -6.347142782778543E+00 -4.718111166189167E-04
 5.907000000000000E+04 -4.849310895322437E+03 -5.877747433809349E+03 -1.176249810274078E-01  5.587064533426712E+00 -4.598926715883317E+00 -4.685195394558606E-04
 5.907100000000000E+04 -2.309160708770471E+03 -7.259059273736307E+03 -3.255895773065619E-01  6.900552540617090E+00 -2.186765632371682E+00 -3.733677982439723E-04
 5.907200000000000E+04  5.632421115275192E+02 -7.594325247057080E+03 -4.730753718326637E-01  7.220605184751913E+00  5.426615564902764E-01 -2.026499974000464E-04
 5.907300000000000E+04  3.354006128999962E+03 -6.834603111210170E+03 -5.314024999107082E-01  6.499596083190726E+00  3.195945364260389E+00  1.220296860499270E-05
 5.907400000000000E+04  5.660546267221458E+03 -5.088933584257225E+03 -4.890011368679379E-01  4.840385918659655E+00  5.389757869864439E+00  2.305800210795932E-04
 5.907500000000000E+04  7.149847183033654E+03 -2.608861210684988E+03 -3.540957369472153E-01  2.481937534281491E+00  6.806611745423867E+00  4.107651951723578E-04
 5.907600000000000E+04  7.606783343146351E+03  2.477987549120630E+02 -1.532925063205007E-01 -2.351194597671873E-01  7.241278772116411E+00  5.184739811277220E-04
 5.907700000000000E+04  6.965373651105265E+03  3.068722537501187E+03  7.379867408171228E-02 -2.917996130592342E+00  6.630864515851965E+00  5.339786856827156E-04
 5.907800000000000E+04  5.318350330006538E+03  5.446807045966882E+03  2.828539256811922E-01 -5.178979153782854E+00  5.063983165457191E+00  4.561401471460143E-04
 5.907900000000000E+04  2.903639983438039E+03  7.039109539776578E+03  4.341879553500979E-01 -6.691852939640318E+00  2.767675610641750E+00  3.022980612418921E-04
 5.908000000000000E+04  6.977909731018599E+01  7.616376822486119E+03  5.008862647838641E-01 -7.239138225745082E+00  7.410586223622402E-02  1.039865903280279E-04
 5.908100000000000E+04 -2.774617138239971E+03  7.095973330831147E+03  4.736567545039271E-01 -6.743244981738014E+00 -2.627908330798106E+00 -1.003303791402797E-04
 5.908200000000000E+04 -5.219911879498643E+03  5.553503697498700E+03  3.613778937906053E-01 -5.277126812731059E+00 -4.949288792205905E+00 -2.733987748920010E-04
 5.908300000000000E+04 -6.914432801016215E+03  3.211573392678764E+03  1.878290915978117E-01 -3.053115894891150E+00 -6.556726005590527E+00 -3.860308735302104E-04
 5.908400000000000E+04 -7.614891605718907E+03  4.074569599832830E+02 -1.381922389179280E-02 -3.918209996256890E-01 -7.220267983787386E+00 -4.214559622745234E-04
 5.908500000000000E+04 -7.221069590843659E+03 -2.455548606169979E+03 -2.071776631544546E-01  2.324203312905453E+00 -6.845780125795772E+00 -3.771257236369282E-04
 5.908600000000000E+04 -5.789925439719964E+03 -4.966042089204636E+03 -3.586366011805120E-01  4.705262210934548E+00 -5.487880683469335E+00 -2.644455042920117E-04
 5.908700000000000E+04 -3.527237208845858E+03 -6.763433322611369E+03 -4.428599950645713E-01  6.410022444643372E+00 -3.341766422285003E+00 -1.066557104497158E-04
 5.908800000000000E+04 -7.580529822861912E+02 -7.589514575040124E+03 -4.472588229058672E-01  7.193988540586860E+00 -7.152511978221245E-01  6.519423989510300E-05
 5.908900000000000E+04  2.119830800722558E+03 -7.325418364205140E+03 -3.745039992559304E-01  6.944278101291943E+00  2.015018979465339E+00  2.179782799688397E-04
 5.909000000000000E+04  4.692791379354736E+03 -6.008737401245353E+03 -2.421301004321886E-01  5.695881643669853E+00  4.457114808657193E+00  3.230483143774544E-04
 5.909100000000000E+04  6.590664015219930E+03 -3.828336066626012E+03 -7.889924905392796E-02  3.627055183270064E+00  6.259734231900644E+00  3.621386991420362E-04
 5.909200000000000E+04  7.539969088172061E+03 -1.097497972863587E+03  8.144000307228470E-02  1.034308247170915E+00  7.162648779247028E+00  3.310720132685777E-04
 5.909300000000000E+04  7.403443923822200E+03  1.790873358338898E+03  2.075082799533848E-01 -1.709699039243688E+00  7.034467859243178E+00  2.402296237548506E-04
 5.909400000000000E+04  6.200117255448241E+03  4.420680276220994E+03  2.769056875569758E-01 -4.209532427412829E+00  5.892146344256465E+00  1.116701279939069E-04
 5.909500000000000E+04  4.102904240436010E+03  6.412617883059062E+03  2.804659998888797E-01 -6.104056095236450E+00  3.899178093287018E+00 -2.627912902896509E-05
 5.909600000000000E+04  1.413929535590446E+03  7.479053655441741E+03  2.232772582459095E-01 -7.118924820105557E+00  1.342477461723629E+00 -1.454971867645427E-04
 5.909700000000000E+04 -1.478961308701553E+03  7.465790482397795E+03  1.224992251698241E-01 -7.106739764290363E+00 -1.408896531044143E+00 -2.240176263930774E-04
 5.909800000000000E+04 -4.158251165368930E+03  6.374556395719631E+03  2.773171801455343E-03 -6.068819160019330E+00 -3.957255626854712E+00 -2.501586854655590E-04
 5.909900000000000E+04 -6.237211171922656E+03  4.362858739034603E+03 -1.095435622299780E-01 -4.155211793407137E+00 -5.934187994097218E+00 -2.241253838935927E-04
 5.910000000000000E+04 -7.415922298630470E+03  1.721173126585764E+03 -1.920044084366355E-01 -1.642847150135481E+00 -7.054246069851466E+00 -1.569999693311265E-04
 5.910100000000000E+04 -7.524644103171449E+03 -1.169196895834003E+03 -2.304418381118306E-01  1.104939371792558E+00 -7.156398278390325E+00 -6.757096840008632E-05
 5.910200000000000E+04 -6.548202016426767E+03 -3.891385108012756E+03 -2.213232047480114E-01  3.691414592082201E+00 -6.227108336035637E+00  2.218451744319059E-05
 5.910300000000000E+04 -4.627904747541033E+03 -6.053233915361285E+03 -1.717847121844132E-01  5.744040414792726E+00 -4.401763052666372E+00  9.198210560343230E-05
 5.910400000000000E+04 -2.040837402581532E+03 -7.343784522849845E+03 -9.747533853060575E-02  6.968147168218750E+00 -1.944483624597716E+00  1.275169948722037E-04
 5.910500000000000E+04  8.403266926475618E+02 -7.577846836574076E+03 -1.870655054931826E-02  7.188955356992075E+00  7.904562553934581E-01  1.233800639514506E-04
 5.910600000000000E+04  3.601084172715714E+03 -6.722328437800306E+03  4.435579044415550E-02  6.376091340088702E+00  3.409813198261552E+00  8.409133208727721E-05
 5.910700000000000E+04  5.844654678583752E+03 -4.900680509241552E+03  7.658820951688519E-02  4.647356922639520E+00  5.537732594978376E+00  2.300074697469731E-05
 5.910800000000000E+04  7.248816691549785E+03 -2.374953869133985E+03  7.191721229241951E-02  2.251459156632335E+00  6.869298550251369E+00 -4.095225241415843E-05
 5.910900000000000E+04  7.611968713809239E+03  4.918853733930245E+02  3.532903839670123E-02 -4.676993115107630E-01  7.213807660560246E+00 -8.827160769033479E-05
 5.911000000000000E+04  6.881921285211550E+03  3.287975886701300E+03 -1.817728113308543E-02 -3.120076857194277E+00  6.521790171491780E+00 -1.047196424541539E-04
 5.911100000000000E+04  5.163373084038994E+03  5.611524651227952E+03 -6.805280276688939E-02 -5.325018002054041E+00  4.892065060044646E+00 -8.606567974048323E-05
 5.911200000000000E+04  2.703017142053425E+03  7.128364797484812E+03 -9.494003393274825E-02 -6.765510165246043E+00  2.557851295468912E+00 -3.968640370328540E-05
 5.911300000000000E+04 -1.456483468282244E+02  7.619951089251240E+03 -8.713514014982499E-02 -7.233599675612437E+00 -1.461919348583640E-01  1.794457045606052E-05
 5.911400000000000E+04 -2.972880082920010E+03  7.014944014089248E+03 -4.419125253603760E-02 -6.660546007925366E+00 -2.831509719162844E+00  6.684081913468512E-05
 5.911500000000000E+04 -5.371495343809087E+03  5.399790641674579E+03  2.338574769684883E-02 -5.127298589213625E+00 -5.111224692129446E+00  8.978834602275807E-05
 5.911600000000000E+04 -6.995548571242294E+03  3.006642114493235E+03  9.761266894256143E-02 -2.853536165350205E+00 -6.655919810367593E+00  7.715404008724003E-05
 5.911700000000000E+04 -7.610412786142712E+03  1.801810815391121E+02  1.580877329647899E-01 -1.665287740822772E-01 -7.241574825578157E+00  2.916310564695125E-05
 5.911800000000000E+04 -7.126933773131504E+03 -2.671981080507049E+03  1.871519351839433E-01  2.545923319273900E+00 -6.782526299715874E+00 -4.438959446097109E-05
 5.911900000000000E+04 -5.614572585844169E+03 -5.138206552555923E+03  1.741265052516394E-01  4.891722866487506E+00 -5.344383654324331E+00 -1.265208555382613E-04
 5.912000000000000E+04 -3.291510545887752E+03 -6.862455391712483E+03  1.179774453025225E-01  6.531597869329832E+00 -3.134784420395670E+00 -1.968932923345588E-04
 5.912100000000000E+04 -4.931001842419122E+02 -7.595891300215491E+03  2.800567807825648E-02  7.228588917516653E+00 -4.732444916902372E-01 -2.363849777161667E-04
 5.912200000000000E+04  2.376731810536474E+03 -7.232895352421368E+03 -7.761219489984150E-02  6.882507307930488E+00  2.255429899310658E+00 -2.315874597796927E-04
 5.912300000000000E+04  4.903998762228193E+03 -5.826231079318140E+03 -1.753077389054435E-01  5.544274258902592E+00  4.657207068756942E+00 -1.783554420630227E-04
 5.912400000000000E+04  6.724514692619377E+03 -3.579200888186944E+03 -2.411116832081797E-01  3.408124762463587E+00  6.386029951795445E+00 -8.357131690557243E-05
 5.912500000000000E+04  7.576381672563032E+03 -8.160273682627511E+02 -2.562146681015017E-01  7.829919039117750E-01  7.193730791767494E+00  3.547693406261457E-05
 5.912600000000000E+04  7.337527869347091E+03  2.065132961873077E+03 -2.118528750826698E-01 -1.952544408361679E+00  6.965437336927581E+00  1.542370013070434E-04
 5.912700000000000E+04  6.042962550313008E+03  4.649651130388320E+03 -1.122399916042454E-01 -4.405018960685922E+00  5.735501114171877E+00  2.460662261335709E-04
 5.912800000000000E+04  3.879399992723219E+03  6.566030137189070E+03  2.539406591348582E-02 -6.222551619104030E+00  3.681908648285554E+00  2.883433368118397E-04
 5.912900000000000E+04  1.158173319682647E+03  7.539109049742749E+03  1.739222259449406E-01 -7.144963095120731E+00  1.100262523651288E+00  2.680531186342004E-04
 5.913000000000000E+04 -1.729569467635642E+03  7.429331412500471E+03  3.020301367599634E-01 -7.040558212843192E+00 -1.638738499028789E+00  1.853973536645793E-04
 5.913100000000000E+04 -4.368944864885002E+03  6.252582015352430E+03  3.812151092170769E-01 -5.924588021700735E+00 -4.142210519756375E+00  5.442229714292149E-05
 5.913200000000000E+04 -6.380722697419723E+03  4.177852601310287E+03  3.923641574254405E-01 -3.956961992831360E+00 -6.050979053772314E+00 -9.960993479925038E-05
 5.913300000000000E+04 -7.475631636685606E+03  1.503092248970148E+03  3.302499593966800E-01 -1.419577671885589E+00 -7.090718323663515E+00 -2.455343628536451E-04
 5.913400000000000E+04 -7.495894657594845E+03 -1.387365950277635E+03  2.048046728224590E-01  1.323636576778305E+00 -7.111228500650340E+00 -3.529826352545830E-04
 5.913500000000000E+04 -6.438060512235349E+03 -4.077819428448242E+03  3.891731895950395E-02  3.878498577466128E+00 -6.108282068357979E+00 -3.987849759959016E-04
 5.913600000000000E+04 -4.453788548294912E+03 -6.180870386505479E+03 -1.364848597688548E-01  5.876980503622821E+00 -4.224784230181911E+00 -3.715188386802230E-04
 5.913700000000000E+04 -1.828347929218130E+03 -7.393240612268307E+03 -2.885522523881066E-01  7.030262461842109E+00 -1.730839508179407E+00 -2.733431612274418E-04
 5.913800000000000E+04  1.060213043205211E+03 -7.539672433787225E+03 -3.882517556653762E-01  7.170757517485895E+00  1.014669495306612E+00 -1.192675981636547E-04
 5.913900000000000E+04  3.795448058199404E+03 -6.598499173335952E+03 -4.149256057492094E-01  6.276878028509711E+00  3.615647209827954E+00  6.530557200081462E-05
 5.914000000000000E+04  5.982639188014041E+03 -4.705068627208005E+03 -3.598021471675363E-01  4.476723431644443E+00  5.696119048484129E+00  2.481427823329062E-04
 5.914100000000000E+04  7.305952564165778E+03 -2.132400160486652E+03 -2.285979235028229E-01  2.029917285148095E+00  6.954970175649311E+00  3.949902807371406E-04
 5.914200000000000E+04  7.574266426519152E+03  7.482099453634286E+02 -4.233694539534808E-02 -7.099274295123732E-01  7.209966173878994E+00  4.758642901302361E-04
 5.914300000000000E+04  6.748921080770753E+03  3.520939830073283E+03  1.650869065875500E-01 -3.346668192933951E+00  6.424427082233472E+00  4.718990163953253E-04
 5.914400000000000E+04  4.949285964492106E+03  5.785691167900181E+03  3.531169396293771E-01 -5.499380494061256E+00  4.712504954625936E+00  3.806240381044977E-04
 5.914500000000000E+04  2.435335375133152E+03  7.215993438913597E+03  4.832130423071577E-01 -6.857756749340874E+00  2.322292542308578E+00  2.176087480435076E-04
 5.914600000000000E+04 -4.301526445877068E+02  7.606091855040369E+03  5.275410092430225E-01 -7.226923572524010E+00 -4.005994974293609E-01  1.370953853565008E-05
 5.914700000000000E+04 -3.234164226981444E+03  6.900406046135823E+03  4.752796463479801E-01 -6.555165952790501E+00 -3.063429100362066E+00 -1.913371589382270E-04
 5.914800000000000E+04 -5.573068755664066E+03  5.201199651254784E+03  3.350477294411660E-01 -4.940730976543654E+00 -5.283139788031287E+00 -3.572627323309431E-04
 5.914900000000000E+04 -7.110646342984635E+03  2.753509164928812E+03  1.330796486036900E-01 -2.617027447044727E+00 -6.741325080657428E+00 -4.515497681029513E-04
 5.915000000000000E+04 -7.626218148036832E+03 -9.034795042553631E+01 -9.223033394102899E-02  8.136658674460424E-02 -7.229531233044427E+00 -4.558829082816319E-04
 5.915100000000000E+04 -7.046076864461834E+03 -2.921492202395056E+03 -2.980956012518103E-01  2.766846868725913E+00 -6.678620291530819E+00 -3.695524746149117E-04
 5.915200000000000E+04 -5.453838632325699E+03 -5.333136866487322E+03 -4.457564361459520E-01  5.054174955359774E+00 -5.168236885703139E+00 -2.093114180174531E-04
 5.915300000000000E+04 -3.078333324918616E+03 -6.978828789563705E+03 -5.079069361220589E-01  6.615322793705976E+00 -2.915209580128440E+00 -5.893481174554565E-06
 5.915400000000000E+04 -2.608055019031852E+02 -7.622028813396297E+03 -4.737911014415565E-01  7.226128330015634E+00 -2.426088318080363E-01  2.020235173285351E-04
 5.915500000000000E+04  2.593912256330225E+03 -7.170022664088661E+03 -3.511133820132441E-01  6.798284476611213E+00  2.466191343141406E+00  3.752480618612552E-04
 5.915600000000000E+04  5.075352648549456E+03 -5.687347625639712E+03 -1.644648435876330E-01  5.392188616239784E+00  4.822069926853334E+00  4.815617621520670E-04
 5.915700000000000E+04  6.826297547204422E+03 -3.386775358222759E+03  4.946767167101351E-02  3.208763025171382E+00  6.485758754139572E+00  5.019229848126367E-04
 5.915800000000000E+04  7.594216667838006E+03 -5.990324211166220E+02  2.490973540502129E-01  5.612092065950712E-01  7.216683656663343E+00  4.342068524433392E-04
 5.915900000000000E+04  7.267860595706780E+03  2.274541728643885E+03  3.962410481249683E-01 -2.169543956207173E+00  6.908036270336221E+00  2.936499197969181E-04
 5.916000000000000E+04  5.893639431365781E+03  4.819712540941730E+03  4.638988109598252E-01 -4.589539481335618E+00  5.602840023429839E+00  1.097172585841558E-04
 5.916100000000000E+04  3.669266704706733E+03  6.669169315997529E+03  4.418119524193373E-01 -6.348837579300397E+00  3.488384009085359E+00 -8.015892725074021E-05
 5.916200000000000E+04  9.154363265317630E+02  7.555755225174290E+03  3.384176937765342E-01 -7.192545826997383E+00  8.695401625417744E-01 -2.387429677893954E-04
 5.916300000000000E+04 -1.970452642821042E+03  7.351291974128922E+03  1.785325230128839E-01 -6.998193494236933E+00 -1.875314737317907E+00 -3.372170954107614E-04
 5.916400000000000E+04 -4.571813617626349E+03  6.085254111439106E+03 -2.865950918597759E-03 -5.793774912364392E+00 -4.349332772137206E+00 -3.613643247545605E-04
 5.916500000000000E+04 -6.513220460789184E+03  3.940515409100486E+03 -1.692326854341329E-01 -3.753700746819519E+00 -6.195012444885472E+00 -3.139465147091030E-04
 5.916600000000000E+04 -7.514743877610993E+03  1.226790447770970E+03 -2.909817377036180E-01 -1.173263505449544E+00 -7.146191503153182E+00 -2.125280123914918E-04
 5.916700000000000E+04 -7.432341201937797E+03 -1.664305536549894E+03 -3.513668262045777E-01  1.574523039118166E+00 -7.066523999697400E+00 -8.358525724658821E-05
 5.916800000000000E+04 -6.278455821093487E+03 -4.315965152633646E+03 -3.481808492772190E-01  4.093233587393895E+00 -5.968846137202609E+00  4.481935925252197E-05
 5.916900000000000E+04 -4.219921774164983E+03 -6.346371404604802E+03 -2.916133010885897E-01  6.020426861536950E+00 -4.012751079702144E+00  1.492079382968990E-04
 5.917000000000000E+04 -1.553600812559140E+03 -7.463621934096246E+03 -2.000257620998431E-01  7.079728400552661E+00 -1.480956315455342E+00  2.142973677739840E-04
 5.917100000000000E+04  1.336597910175055E+03 -7.507507891788989E+03 -9.534492568000670E-02  7.120135271977630E+00  1.261857562324671E+00  2.342489526830085E-04
 5.917200000000000E+04  4.035024193608627E+03 -6.472237348282829E+03  1.218785088860120E-03  6.137086864317732E+00  3.821605545204712E+00  2.123493033586209E-04
 5.917300000000000E+04  6.153939742845723E+03 -4.506982218870063E+03  7.297972780217363E-02  4.272564935141564E+00  5.831154217812451E+00  1.594731092239407E-04
 5.917400000000000E+04  7.389013679542993E+03 -1.894300497525257E+03  1.107204211723809E-01  1.794464284258084E+00  7.002530484437339E+00  9.130290997646878E-05
 5.917500000000000E+04  7.562821612775369E+03  9.904130971118342E+02  1.140570259107039E-01 -9.417096822652625E-01  7.167764796747685E+00  2.455097599698789E-05
 5.917600000000000E+04  6.650231027428320E+03  3.732672234767083E+03  9.070388475365408E-02 -3.543430296048289E+00  6.302770571933108E+00 -2.703252471250255E-05
 5.917700000000000E+04  4.782088463478715E+03  5.938241971312511E+03  5.372382602384954E-02 -5.637018075506449E+00  4.530951264038736E+00 -5.580801461696143E-05
 5.917800000000000E+04  2.226642947502305E+03  7.289685285708325E+03  1.749243376103770E-02 -6.921030718397795E+00  2.105940895447762E+00 -6.167727441773959E-05
 5.917900000000000E+04 -6.487378899088460E+02  7.592064017654741E+03 -6.496277158088677E-03 -7.209656925285692E+00 -6.242663923119555E-01 -5.139248528766990E-05
 5.918000000000000E+04 -3.430193247859779E+03  6.801213762771023E+03 -1.280755399665103E-02 -6.459859252565068E+00 -3.266907559269730E+00 -3.596271645602280E-05
 5.918100000000000E+04 -5.716873075892121E+03  5.030434181574184E+03 -3.342746310856177E-03 -4.778193157917773E+00 -5.440831588490590E+00 -2.691520231678433E-05
 5.918200000000000E+04 -7.178791612957918E+03  2.534494125445189E+03  1.362127796551403E-02 -2.406067934234331E+00 -6.831623683810045E+00 -3.251302278191195E-05
 5.918300000000000E+04 -7.604649725456945E+03 -3.268799719059982E+02  2.631386842888693E-02  3.146770999355205E-01 -7.237445941710759E+00 -5.502875834032137E-05
 5.918400000000000E+04 -6.932616227961355E+03 -3.140854364314664E+03  2.338645245141903E-02  2.991077034251669E+00 -6.598768434095110E+00 -8.988209291434984E-05
 5.918500000000000E+04 -5.259484827662261E+03 -5.501198560584359E+03 -2.319122599222810E-03  5.236112504083967E+00 -5.007425951462680E+00 -1.268509567816414E-04
 5.918600000000000E+04 -2.826772879439207E+03 -7.067151692263204E+03 -5.123574130389285E-02  6.725133864321481E+00 -2.693471886785780E+00 -1.529366929354953E-04
 5.918700000000000E+04  1.425992589831070E+01 -7.612807941300405E+03 -1.164132191803212E-01  7.243207271488673E+00  8.329688542859627E-03 -1.559989583886794E-04
 5.918800000000000E+04  2.853550238374283E+03 -7.059767767327666E+03 -1.847823181561584E-01  6.716288841451918E+00  2.707386323840901E+00 -1.281517132706462E-04
 5.918900000000000E+04  5.281633178840329E+03 -5.488298440743581E+03 -2.398787545579610E-01  5.221632227116297E+00  5.014186677919993E+00 -6.812378753115010E-05
 5.919000000000000E+04  6.948797496494321E+03 -3.125457120622945E+03 -2.653196972354935E-01  2.976052360925660E+00  6.596740345103839E+00  1.781352801854596E-05
 5.919100000000000E+04  7.615394991010032E+03 -3.120317471861207E+02 -2.483579625667497E-01  3.040192473592574E-01  7.228273016470088E+00  1.163806178845482E-04
 5.919200000000000E+04  7.186089426151577E+03  2.546780272171178E+03 -1.830142397179589E-01 -2.409521053261415E+00  6.819376791901501E+00  2.091156433190629E-04
 5.919300000000000E+04  5.723233224552390E+03  5.039751215150851E+03 -7.242118131558246E-02 -4.774621246343352E+00  5.430220434983756E+00  2.753086807864941E-04
 5.919400000000000E+04  3.437598659327663E+03  6.808648156709197E+03  7.004242496251520E-02 -6.452116573688222E+00  3.261345692379194E+00  2.958987357881531E-04
 5.919500000000000E+04  6.579190826483818E+02  7.599491904669867E+03  2.214561851507576E-01 -7.201851320357282E+00  6.245912211107535E-01  2.580096687749181E-04
 5.919600000000000E+04 -2.216331620414152E+03  7.298808781099033E+03  3.525776518769677E-01 -6.916658528566975E+00 -2.101595891825488E+00  1.593200823035236E-04
 5.919700000000000E+04 -4.772172839001963E+03  5.949791251045765E+03  4.336901365385213E-01 -5.637446831234251E+00 -4.526116072780463E+00  1.081697545791320E-05
 5.919800000000000E+04 -6.642246483005059E+03  3.746117322055380E+03  4.419513802317568E-01 -3.547369418881078E+00 -6.300891793919391E+00 -1.636036052541519E-04
 5.919900000000000E+04 -7.557473112140394E+03  1.004303960371974E+03  3.679693898282255E-01 -9.459007567035371E-01 -7.170515201569494E+00 -3.312817385852563E-04
 5.920000000000000E+04 -7.385760079716586E+03 -1.881526952010505E+03  2.193166221693136E-01  1.793628553803627E+00 -7.008933685598769E+00 -4.577110991229666E-04
 5.920100000000000E+04 -6.151209294178785E+03 -4.496106036478744E+03  1.990454958627175E-02  4.277210113374124E+00 -5.837947283716614E+00 -5.142295564820038E-04
 5.920200000000000E+04 -4.030980853677575E+03 -6.462700389281947E+03 -1.944109975591722E-01  6.146658107238416E+00 -3.824712611685302E+00 -4.845011596783685E-04
 5.920300000000000E+04 -1.330117299629089E+03 -7.497485068345831E+03 -3.827759130751091E-01  7.131412499560283E+00 -1.258326050862029E+00 -3.684612202738124E-04
 5.920400000000000E+04  1.562196845679486E+03 -7.450721570641229E+03 -5.073712232481814E-01  7.088087984328767E+00  1.491439965184420E+00 -1.830607625922864E-04
 5.920500000000000E+04  4.228725341662450E+03 -6.328677831787712E+03 -5.410472558038709E-01  6.021806709629230E+00  4.027469322252855E+00  4.033132572386037E-05
 5.920600000000000E+04  6.284521974265258E+03 -4.292976466342678E+03 -4.731288726583531E-01  4.085938219036520E+00  5.982977519082824E+00  2.614873416432894E-04
 5.920700000000000E+04  7.432720939697023E+03 -1.637358681577215E+03 -3.121973486426751E-01  1.560084179374419E+00  7.075001611484081E+00  4.388964484948582E-04
 5.920800000000000E+04  7.507590616799810E+03  1.254802585451321E+03 -8.515104776599321E-02 -1.190538094912514E+00  7.145714108369246E+00  5.379374789389524E-04
 5.920900000000000E+04  6.498526497115911E+03  3.966041268586113E+03  1.674460973027655E-01 -3.768307318195215E+00  6.185382007069607E+00  5.380076493008624E-04
 5.921000000000000E+04  4.551478706685391E+03  6.105253889484386E+03  3.989537719644292E-01 -5.801086706640469E+00  4.333576997394605E+00  4.370869683889422E-04
 5.921100000000000E+04  1.947650428319423E+03  7.364228257806340E+03  5.657585002768544E-01 -6.996197446531681E+00  1.858541280182393E+00  2.526810229266976E-04
 5.921200000000000E+04 -9.373485578514498E+02  7.562018667994726E+03  6.360710267406839E-01 -7.182543051236327E+00 -8.821035964222235E-01  1.877664219641197E-05
 5.921300000000000E+04 -3.687863741348202E+03  6.670778945307218E+03  5.965397062067547E-01 -6.334817613316075E+00 -3.493369773724476E+00 -2.207183018611363E-04
 5.921400000000000E+04 -5.908126425785631E+03  4.819426872173179E+03  4.551444061858846E-01 -4.576486313876755E+00 -5.599919895209860E+00 -4.207724952539859E-04
 5.921500000000000E+04 -7.279087487109654E+03  2.274762698082411E+03  2.395720438216384E-01 -2.161397671042395E+00 -6.899805469880109E+00 -5.443829279781571E-04
 5.921600000000000E+04 -7.604038702831290E+03 -5.970975761217816E+02 -8.675572170705751E-03  5.630483816965488E-01 -7.207320198249777E+00 -5.699865130729724E-04
 5.921700000000000E+04 -6.836596903627819E+03 -3.383353806807027E+03 -2.430795274540283E-01  3.205743783562494E+00 -6.479081009468568E+00 -4.953882138669551E-04
 5.921800000000000E+04 -5.087175686818093E+03 -5.683680882857512E+03 -4.216465110437701E-01  5.387635499370843E+00 -4.819882188459872E+00 -3.373650429270178E-04
 5.921900000000000E+04 -2.607104153906224E+03 -7.167526446650595E+03 -5.149062618565680E-01  6.795636494934579E+00 -2.467651761176339E+00 -1.273036583150583E-04
 5.922000000000000E+04  2.473324160271816E+02 -7.621452341514902E+03 -5.106766498218039E-01  7.227222773543817E+00  2.403567041950732E-01  9.576244359167840E-05
 5.922100000000000E+04  3.065857464971433E+03 -6.979813906904219E+03 -4.149776066885700E-01  6.619499838968437E+00  2.915478586307465E+00  2.928773174044018E-04
 5.922200000000000E+04  5.442983110607483E+03 -5.334380155425317E+03 -2.495258934359725E-01  5.058581804095343E+00  5.173040753947679E+00  4.319999350317896E-04
 5.922300000000000E+04  7.036268515379998E+03 -2.921436583952752E+03 -4.686358941671500E-02  2.767789440649308E+00  6.687506896499388E+00  4.929341511854038E-04
 5.922400000000000E+04  7.615724624394548E+03 -8.809372725106367E+01  1.557601596801926E-01  7.611899477752969E-02  7.239524363885667E+00  4.699862233778831E-04
 5.922500000000000E+04  7.097215891233307E+03  2.757488980001651E+03  3.228904376827038E-01 -2.628735494745122E+00  6.748033265946280E+00  3.723216458414245E-04
 5.922600000000000E+04  5.554933612887624E+03  5.204890179931828E+03  4.270349809479045E-01 -4.956215262399072E+00  5.282606957530226E+00  2.219888782774011E-04
 5.922700000000000E+04  3.210991636669422E+03  6.900763211118837E+03  4.535897518715167E-01 -6.569561435038382E+00  3.053967303703163E+00  4.960454074486962E-05
 5.922800000000000E+04  4.035159656729337E+02  7.600083427339980E+03  4.033556514521068E-01 -7.234986156027111E+00  3.837990387660880E-01 -1.118381043106207E-04
 5.922900000000000E+04 -2.462217120584881E+03  7.201769097589226E+03  2.917427015403601E-01 -6.855976918139457E+00 -2.341878694613620E+00 -2.337694723009861E-04
 5.923000000000000E+04 -4.972488151341635E+03  5.763395767711565E+03  1.446967347450120E-01 -5.487501890872268E+00 -4.728946248879779E+00 -2.976929081020132E-04
 5.923100000000000E+04 -6.765080769740649E+03  3.492813234689770E+03 -7.510618467939012E-03 -3.327923663196226E+00 -6.432635334065307E+00 -2.981949066223706E-04
 5.923200000000000E+04 -7.581671800591336E+03  7.179145820346440E+02 -1.368980176943969E-01 -6.898637322857181E-01 -7.207607257047695E+00 -2.427634951946984E-04
 5.923300000000000E+04 -7.305023491604907E+03 -2.160953659870686E+03 -2.231898020408283E-01  2.045521687866994E+00 -6.943256836405387E+00 -1.488284362496214E-04
 5.923400000000000E+04 -5.975633687689861E+03 -4.728923723643019E+03 -2.569947222007416E-01  4.483952793459232E+00 -5.679185581526304E+00 -3.906396245793333E-05
 5.923500000000000E+04 -3.785555542219765E+03 -6.616423009826562E+03 -2.403805982753565E-01  6.274927195600162E+00 -3.598832698876554E+00  6.382852423433845E-05
 5.923600000000000E+04 -1.050429021369411E+03 -7.552239665664560E+03 -1.850567488944928E-01  7.161885985278635E+00 -1.002472920933008E+00  1.417135649488991E-04
 5.923700000000000E+04  1.836119714592269E+03 -7.402270007122897E+03 -1.088072600537851E-01  7.018568693743091E+00  1.736293189442568E+00  1.841531934988257E-04
 5.923800000000000E+04  4.459089054805628E+03 -6.188501004861590E+03 -3.107292623539724E-02  5.866571907770507E+00  4.224194231479421E+00  1.896182646360966E-04
 5.923900000000000E+04  6.441605249919397E+03 -4.085631198886675E+03  3.135740696097608E-02  3.871835230575960E+00  6.104428620237834E+00  1.647435411640931E-04
 5.924000000000000E+04  7.498858591574636E+03 -1.395905514460523E+03  6.771420084459097E-02  1.320725839668583E+00  7.107406909402645E+00  1.219640946065705E-04
 5.924100000000000E+04  7.478847481419991E+03  1.494206356831801E+03  7.510643139165199E-02 -1.420818192818974E+00  7.089052653882189E+00  7.611989489872867E-05
 5.924200000000000E+04  6.384181920516546E+03  4.169333211976693E+03  5.861084196198774E-02 -3.959352580508341E+00  6.051375010219616E+00  4.071459231523901E-05
 5.924300000000000E+04  4.371849566970533E+03  6.244703221991219E+03  2.958581466927676E-02 -5.929971561711204E+00  4.142442474780375E+00  2.451479358261478E-05
 5.924400000000000E+04  1.730920338402651E+03  7.421396273675272E+03  2.422091033477164E-03 -7.048540666734056E+00  1.635659822365790E+00  2.917023963994558E-05
 5.924500000000000E+04 -1.158737300624185E+03  7.529465729055738E+03 -9.761551229119442E-03 -7.152749668403888E+00 -1.108931786378055E+00  4.854316847327486E-05
 5.924600000000000E+04 -3.880938908592556E+03  6.552689323211419E+03  4.906494625415042E-04 -6.226020138129057E+00 -3.696065861556555E+00  7.029114367508148E-05
 5.924700000000000E+04 -6.043120091555247E+03  4.631261502278229E+03  3.189629434871051E-02 -4.400583156889889E+00 -5.752169688522011E+00  7.968474320731544E-05
 5.924800000000000E+04 -7.333093646404699E+03  2.041881563104517E+03  7.404220952493831E-02 -1.938972891210462E+00 -6.979591397496550E+00  6.474529506331705E-05
 5.924900000000000E+04 -7.564355512793587E+03 -8.420150969794958E+02  1.102313191101009E-01  8.036307725841748E-01 -7.200128410442129E+00  2.095263377918799E-05
 5.925000000000000E+04 -6.703265703939855E+03 -3.604187277547286E+03  1.228070404283253E-01  3.430840897600067E+00 -6.381298188300012E+00 -4.631506889603340E-05
 5.925100000000000E+04 -4.874055576719673E+03 -5.845847660024977E+03  9.909899718650737E-02  5.562742321870934E+00 -4.641316091678137E+00 -1.226304498424508E-04
 5.925200000000000E+04 -2.340874390048419E+03 -7.243442983841266E+03  3.589731712126350E-02  6.891254216813802E+00 -2.231947576331904E+00 -1.883518812676106E-04
 5.925300000000000E+04  5.305138088313977E+02 -7.595490353408472E+03 -5.894399899938191E-02  7.224938788452638E+00  4.982416800783480E-01 -2.240609055199129E-04
 5.925400000000000E+04  3.325760713089163E+03 -6.851624870628352E+03 -1.680201236857811E-01  6.516621415742320E+00  3.154746625123634E+00 -2.158463425401385E-04
 5.925500000000000E+04  5.641907240485040E+03 -5.119658794441114E+03 -2.682585530754563E-01  4.869814651885878E+00  5.354497372995060E+00 -1.590529915478902E-04
 5.925600000000000E+04  7.145532726138883E+03 -2.649714327892531E+03 -3.360011048832833E-01  2.523166045316566E+00  6.781241161846061E+00 -5.984216206906225E-05
 5.925700000000000E+04  7.620650645145361E+03  2.021383621233540E+02 -3.522045500560193E-01 -1.845557508874736E-01  7.230849789023146E+00  6.548645235363757E-05
 5.925800000000000E+04  6.999503997783975E+03  3.025348959505898E+03 -3.069231947548366E-01 -2.863603635165794E+00  6.640121588848716E+00  1.931895338730879E-04
 5.925900000000000E+04  5.371964368149866E+03  5.413961895414531E+03 -2.023307324073547E-01 -5.129279045278615E+00  5.095195544067225E+00  2.964539748457130E-04
 5.926000000000000E+04  2.972344536397199E+03  7.024814364224930E+03 -5.354036282396009E-02 -6.656820273105824E+00  2.818680535760763E+00  3.508749153855358E-04
 5.926100000000000E+04  1.456333417304423E+02  7.626598885552748E+03  1.133258098414092E-01 -7.227486239524247E+00  1.375626888393393E-01  3.400611068851963E-04
 5.926200000000000E+04 -2.701979923827641E+03  7.132887294929830E+03  2.658151921144903E-01 -6.759512139670274E+00 -2.563483212326330E+00  2.600705427076842E-04
 5.926300000000000E+04 -5.161264248292287E+03  5.614485333878447E+03  3.717967495544542E-01 -5.319714634015312E+00 -4.896846913747836E+00  1.214245956050773E-04
 5.926400000000000E+04 -6.878563783556010E+03  3.289372980376056E+03  4.066425478437529E-01 -3.114133529952362E+00 -6.527202768388456E+00 -5.207533101511945E-05
 5.926500000000000E+04 -7.606566401175783E+03  4.916145001922681E+02  3.592016392051672E-01 -4.589304082465820E-01 -7.219495028705262E+00 -2.277093537941109E-04
 5.926600000000000E+04 -7.239978275921873E+03 -2.376414772497465E+03  2.350239000821234E-01  2.264508460738702E+00 -6.872895665800778E+00 -3.705338160744148E-04
 5.926700000000000E+04 -5.830941272315830E+03 -4.901746158420062E+03  5.590899231365584E-02  4.664058279864533E+00 -5.535796268907191E+00 -4.509197834012606E-04
 5.926800000000001E+04 -3.581868269585867E+03 -6.720265538712293E+03 -1.442626098429902E-01  6.393265414117680E+00 -3.399485808099660E+00 -4.511610027387500E-04
 5.926900000000000E+04 -8.165842050342305E+02 -7.569346273959165E+03 -3.265264661353449E-01  7.201593697428133E+00 -7.711610500305820E-01 -3.695288354633734E-04
 5.927000000000000E+04  2.066199259895182E+03 -7.326011444176729E+03 -4.550110927876768E-01  6.971139551919398E+00  1.970086266187751E+00 -2.207453559710495E-04
 5.927100000000000E+04  4.650431436047819E+03 -6.024986020690590E+03 -5.043027691098084E-01  5.734263895913156E+00  4.428084186675353E+00 -3.278507762526179E-05
 5.927200000000000E+04  6.562958079007889E+03 -3.853886789548681E+03 -4.642593100233424E-01  3.669308460639549E+00  6.247225778897953E+00  1.590571060594918E-04
 5.927300000000000E+04  7.527632411171146E+03 -1.126152259680396E+03 -3.413965789185250E-01  1.074830589998794E+00  7.164385757533664E+00  3.191679615662072E-04
 5.927400000000000E+04  7.405342696951813E+03  1.764369268457652E+03 -1.570966398760863E-01 -1.673903761021031E+00  7.047309370691503E+00  4.180094571167643E-04
 5.927500000000001E+04  6.214077682167096E+03  4.400510553432842E+03  5.637698765495520E-02 -4.179668149469527E+00  5.913718807334075E+00  4.369243951516919E-04
 5.927600000000000E+04  4.126132877405620E+03  6.402167962937358E+03  2.611471827707831E-01 -6.081058143841336E+00  3.928368922208824E+00  3.711767082196055E-04
 5.927700000000000E+04  1.442957414801789E+03  7.481152333799891E+03  4.198788424174684E-01 -7.104738623235758E+00  1.378667359521243E+00  2.312227739667796E-04
 5.927800000000000E+04 -1.448586444041638E+03  7.482572756834866E+03  5.025093835510769E-01 -7.104565763268979E+00 -1.367337500047426E+00  4.178439337696234E-05
 5.927900000000000E+04 -4.132118078529452E+03  6.406854595215501E+03  4.925838248149331E-01 -6.082074119161783E+00 -3.914294701825961E+00 -1.619013800594863E-04
 5.928000000000000E+04 -6.221670680319658E+03  4.409345234482294E+03  3.915025191797019E-01 -4.185619992708244E+00 -5.896412060003407E+00 -3.406299513893063E-04
 5.928100000000000E+04 -7.417049011486565E+03  1.777700585957811E+03  2.190587580414425E-01 -1.688560872634306E+00 -7.029695102873549E+00 -4.593712229469324E-04
 5.928200000000000E+04 -7.546735122681202E+03 -1.109593215973447E+03  9.658986894087158E-03  1.050206407569281E+00 -7.152221120913824E+00 -4.949212010265067E-04
 5.928300000000000E+04 -6.592298181911559E+03 -3.837566196051950E+03 -1.949711653312193E-01  3.637623388644493E+00 -6.246901342303640E+00 -4.409588765535481E-04
 5.928400000000000E+04 -4.690918028401266E+03 -6.014216076745189E+03 -3.546974675938158E-01  5.702482312512837E+00 -4.443688938862367E+00 -3.092063043338598E-04
 5.928500000000000E+04 -2.115721378537474E+03 -7.326633464801002E+03 -4.392515750047021E-01  6.948251956704507E+00 -2.001037022698159E+00 -1.265764245120594E-04
 5.928600000000000E+04  7.632702989290177E+02 -7.585863907546583E+03 -4.340144672078424E-01  7.195390177634761E+00  7.307809818240083E-01  7.074838111351825E-05
 5.928700000000000E+04  3.532078611547676E+03 -6.754141903258406E+03 -3.423013269353789E-01  6.407238414447481E+00  3.359437777254819E+00  2.447763142555201E-04
 5.928800000000000E+04  5.792126601406276E+03 -4.950571157859700E+03 -1.840378956404096E-01  4.695765245748427E+00  5.506546667081995E+00  3.631009661195181E-04
 5.928900000000000E+04  7.217590699118057E+03 -2.434326614092585E+03  8.611081366203139E-03  2.306125351742296E+00  6.862057156630608E+00  4.049024271389864E-04
 5.929000000000000E+04  7.602511286534898E+03  4.323633195996073E+02  1.977062452176663E-01 -4.180548965545489E-01  7.229263973837779E+00  3.646132909253656E-04
 5.929100000000001E+04  6.890793338836170E+03  3.236261371713205E+03  3.469208073227866E-01 -3.083930799236136E+00  6.553781802603303E+00  2.527004226494210E-04
 5.929200000000000E+04  5.184626325565717E+03  5.572750253602650E+03  4.285643633716004E-01 -5.306233253131420E+00  4.932022784282067E+00  9.342620006801051E-05
 5.929300000000000E+04  2.729963950469983E+03  7.104405883517795E+03  4.289588350885445E-01 -6.763317890467824E+00  2.597680245128286E+00 -8.006950744105864E-05
 5.929400000000001E+04 -1.189262073420156E+02  7.609950836900124E+03  3.510814599874250E-01 -7.244152990010377E+00 -1.119804895807403E-01 -2.325124642552424E-04
 5.929500000000000E+04 -2.950724310732781E+03  7.016389600724679E+03  2.138324382191210E-01 -6.679205259425785E+00 -2.805139347145214E+00 -3.337739006930923E-04
 5.929600000000000E+04 -5.356650147695746E+03  5.409588165647158E+03  4.792734253528091E-02 -5.150576108157346E+00 -5.092504661579473E+00 -3.651797103872521E-04
 5.929700000000000E+04 -6.989658517851004E+03  3.021745090921750E+03 -1.108645787690166E-01 -2.879874464755340E+00 -6.643975882016791E+00 -3.234283043656738E-04
 5.929800000000000E+04 -7.614577757069506E+03  1.976225842497262E+02 -2.297620965451870E-01 -1.956885118563818E-01 -7.236474100120771E+00 -2.211031071746435E-04
 5.929900000000000E+04 -7.141900405724268E+03 -2.655463026086741E+03 -2.864659402704599E-01  2.514406548945474E+00 -6.785916894845072E+00 -8.345058522836525E-05
 5.930000000000000E+04 -5.640388914923310E+03 -5.126534155926170E+03 -2.741524677302000E-01  4.860099321528378E+00 -5.358784239307102E+00  5.800744510896011E-05
 5.930100000000000E+04 -3.326804465660159E+03 -6.860141491982845E+03 -2.023984387721407E-01  6.504548447582165E+00 -3.161843706630139E+00  1.734682685816700E-04
 5.930200000000000E+04 -5.344040612509267E+02 -7.607323156233606E+03 -9.355201523065521E-02  7.212444570205752E+00 -5.118324105530154E-01  2.421107978360420E-04
 5.930300000000001E+04  2.335126395698937E+03 -7.261100907303587E+03  2.426498831022543E-02  6.883211855312082E+00  2.210289349620342E+00  2.562808766596844E-04
 5.930400000000000E+04  4.869350283949511E+03 -5.871567798788302E+03  1.248884831730895E-01  5.564885659851335E+00  4.613870462925958E+00  2.214416441319047E-04
 5.930500000000000E+04  6.704147655789621E+03 -3.638538795332612E+03  1.898601152917911E-01  3.446939822405242E+00  6.354197980723926E+00  1.526487985649763E-04
 5.930600000000000E+04  7.575819113286384E+03 -8.828763739929929E+02  2.109579675994515E-01  8.331944884903697E-01  7.181503203404573E+00  6.957361195338364E-05
 5.930700000000000E+04  7.358869072017183E+03  1.999434497866228E+03  1.900134156378799E-01 -1.901399636888373E+00  6.976562284863979E+00 -8.151049632334758E-06
 5.930800000000000E+04  6.084103297052290E+03  4.593976533058846E+03  1.371279647656199E-01 -4.364117897337907E+00  5.767906636589890E+00 -6.457689113262945E-05
 5.930900000000000E+04  3.934417585434272E+03  6.527333571082318E+03  6.795781471820674E-02 -6.200540621131265E+00  3.728134434468811E+00 -9.007845857066327E-05
 5.931000000000000E+04  1.218788693486999E+03  7.520809559128746E+03  2.526030733444119E-04 -7.145469677080886E+00  1.149679731818587E+00 -8.290717572615055E-05
 5.931100000000000E+04 -1.671922958329910E+03  7.430722959561909E+03 -5.008886451357910E-02 -7.061405079705150E+00 -1.596723271342055E+00 -4.929186786094709E-05
 5.931200000000000E+04 -4.321121059263151E+03  6.269413426270467E+03 -7.275467128858802E-02 -5.958936480722939E+00 -4.115141218482749E+00 -1.754190311516773E-06
 5.931300000000000E+04 -6.346553497719815E+03  4.203807217975565E+03 -6.555578185898345E-02 -3.995876033732742E+00 -6.041599066216410E+00  4.424119511266813E-05
 5.931400000000000E+04 -7.455646876790625E+03  1.531599482665236E+03 -3.488950932615893E-02 -1.454971686704079E+00 -7.097025897900248E+00  7.456728508398363E-05
 5.931500000000000E+04 -7.488010003236093E+03 -1.361620694046255E+03  6.195744554173812E-03  1.296799147147512E+00 -7.128146407040217E+00  8.046007592260419E-05
 5.931600000000000E+04 -6.438824244451140E+03 -4.058135255683777E+03  4.189565779673052E-02  3.861516118873701E+00 -6.130115674370148E+00  6.105312166708946E-05
 5.931700000000001E+04 -4.459620954487548E+03 -6.168622297209861E+03  5.838560445854685E-02  5.868318353234171E+00 -4.247377603663220E+00  2.358906863258218E-05
 5.931800000000000E+04 -1.836296408041978E+03 -7.388563596274916E+03  4.796577676400114E-02  7.027453132370403E+00 -1.752549791261996E+00 -1.878269702271430E-05
 5.931900000000000E+04  1.052395750304854E+03 -7.542264089971892E+03  1.137236651059189E-02  7.172301649453852E+00  9.934753233493168E-01 -5.093745422125989E-05
 5.932000000000000E+04  3.789748659584418E+03 -6.608078690283276E+03 -4.238333510308336E-02  6.283211139011788E+00  3.594175761086437E+00 -6.022354167845393E-05
 5.932100000000001E+04  5.981344602414801E+03 -4.721255273130036E+03 -9.850817937814846E-02  4.489792443142568E+00  5.674921809380711E+00 -4.013166523624417E-05
 5.932200000000001E+04  7.311870065322109E+03 -2.154106946968700E+03 -1.404472480118101E-01  2.051592082864691E+00  6.936929717347352E+00  7.798146041689212E-06
 5.932300000000000E+04  7.590325042258665E+03  7.234839577602201E+02 -1.542662148623991E-01 -6.798023656846430E-01  7.199895148783361E+00  7.422915395404070E-05
 5.932400000000001E+04  6.777204983691221E+03  3.497430032925985E+03 -1.322473144111983E-01 -3.311563001988572E+00  6.427338576939055E+00  1.442169559736846E-04
 5.932500000000000E+04  4.989877414909076E+03  5.768949778940185E+03 -7.488261101227203E-02 -5.465949619118110E+00  4.731266472557857E+00  2.006334027740802E-04
 5.932600000000000E+04  2.485509985628621E+03  7.211707577695244E+03  9.033474717966748E-03 -6.834150937657528E+00  2.355720738035482E+00  2.279093512947037E-04
 5.932700000000000E+04 -3.759171970303366E+02  7.618476046204806E+03  1.039842086500540E-01 -7.220113761844234E+00 -3.582726324905632E-01  2.152770740408575E-04
 5.932800000000001E+04 -3.183204588926747E+03  6.930746468651865E+03  1.904194273106172E-01 -6.568325926620154E+00 -3.021334432957456E+00  1.590465213470893E-04
 5.932900000000000E+04 -5.532807180136477E+03  5.247129957477412E+03  2.480069312690643E-01 -4.971761487752951E+00 -5.251139865650186E+00  6.386419996179553E-05
 5.933000000000000E+04 -7.086664224061954E+03  2.809356984195772E+03  2.592325667642215E-01 -2.658880952812982E+00 -6.726922035482832E+00 -5.695307821334729E-05
 5.933100000000000E+04 -7.620789327173954E+03 -3.219384195180763E+01  2.133807507232302E-01  3.860855839417351E-02 -7.235482109016345E+00 -1.822704457762827E-04
 5.933200000000000E+04 -7.057672460869466E+03 -2.868627056287359E+03  1.105124835171149E-01  2.732891232144821E+00 -6.702172336665416E+00 -2.859617370837404E-04
 5.933300000000000E+04 -5.477766030649773E+03 -5.291253612859817E+03 -3.597249727257039E-02  5.035580555354850E+00 -5.202264376180179E+00 -3.422482300624414E-04
 5.933400000000000E+04 -3.108255245116312E+03 -6.950526652988278E+03 -2.001083487779336E-01  6.613798647978109E+00 -2.950783989784143E+00 -3.326536723111056E-04
 5.933500000000000E+04 -2.905692287911294E+02 -7.606667773991055E+03 -3.482914127680672E-01  7.238647699876869E+00 -2.719765274098053E-01 -2.521000316597739E-04
 5.933600000000000E+04  2.568788496687078E+03 -7.164565890175547E+03 -4.471121577557690E-01  6.818854122443882E+00  2.447379154579982E+00 -1.116155233970570E-04
 5.933700000000000E+04  5.057007137758897E+03 -5.687764972541154E+03 -4.715273553039646E-01  5.414452077597503E+00  4.814077805760767E+00  6.334871995192463E-05
 5.933800000000000E+04  6.814774232330473E+03 -3.389406509605105E+03 -4.110044798302463E-01  3.228318215362513E+00  6.485761744558263E+00  2.382530621251488E-04
 5.933900000000000E+04  7.588361493828493E+03 -6.013939457426691E+02 -2.723011224467319E-01  5.767057117710386E-01  7.220850025731636E+00  3.768216067540138E-04
 5.934000000000000E+04  7.266351637100978E+03  2.273723763058262E+03 -7.854975280198966E-02 -2.156881820312630E+00  6.913677003820498E+00  4.486645266417374E-04
 5.934100000000000E+04  5.895639107255235E+03  4.821091171089475E+03  1.349723072884087E-01 -4.577599490549349E+00  5.609628289946187E+00  4.356661664144180E-04
 5.934200000000001E+04  3.674416809963602E+03  6.673553302666000E+03  3.275163512385475E-01 -6.336613430462194E+00  3.498116111762356E+00  3.359881290435256E-04
 5.934300000000000E+04  9.232685872803686E+02  7.564576096288745E+03  4.607556324753337E-01 -7.181416281293255E+00  8.846090005791721E-01  1.649647559551962E-04
 5.934400000000000E+04 -1.961310104521432E+03  7.366439554969308E+03  5.064668873719420E-01 -6.991816491237095E+00 -1.853949400043400E+00 -4.732304320035920E-05
 5.934500000000000E+04 -4.564132462018172E+03  6.108290742250149E+03  4.525467944259297E-01 -5.796586389870739E+00 -4.323643993922948E+00 -2.614508360915961E-04
 5.934600000000000E+04 -6.510991847887938E+03  3.971612195766804E+03  3.061138952633431E-01 -3.768675282478037E+00 -6.170069775252426E+00 -4.361393117578251E-04
 5.934700000000000E+04 -7.522252725043712E+03  1.263907588066354E+03  9.288764096213499E-02 -1.199966968600954E+00 -7.128781330024061E+00 -5.364788960647681E-04
 5.934800000000000E+04 -7.452783329690898E+03 -1.625532272939497E+03 -1.472960838728845E-01  1.540645772894197E+00 -7.062720687571302E+00 -5.412641842245721E-04
 5.934900000000000E+04 -6.312629777429863E+03 -4.281444322785044E+03 -3.681611836321322E-01  4.059900453917981E+00 -5.981522629440470E+00 -4.478309542282053E-04
 5.935000000000000E+04 -4.265548374827415E+03 -6.322066232960269E+03 -5.263931962990239E-01  5.996162393609723E+00 -4.040091109201109E+00 -2.731603212945653E-04
 5.935100000000000E+04 -1.605610130466810E+03 -7.453846442724397E+03 -5.907481162254087E-01  7.070987884514255E+00 -1.516650688935548E+00 -5.077557419722978E-05
 5.935200000000000E+04  1.284836462616724E+03 -7.513625195798083E+03 -5.487528037253104E-01  7.129036291853878E+00  1.226723881328043E+00  1.760802777380552E-04
 5.935300000000000E+04  3.989922870081051E+03 -6.492251740898192E+03 -4.093324003044205E-01  6.160658205545470E+00  3.795660907481488E+00  3.635458017224556E-04
 5.935400000000000E+04  6.119982660172357E+03 -4.536189359787428E+03 -2.006383171358649E-01  4.303824710583252E+00  5.819947042922076E+00  4.764242690850023E-04
 5.935500000000000E+04  7.367715000259109E+03 -1.926759161403732E+03  3.643459944217507E-02  1.824905265681706E+00  7.006907206615420E+00  4.953984719855594E-04
 5.935600000000000E+04  7.552690861424774E+03  9.601330150066260E+02  2.573756675656666E-01 -9.192120901586051E-01  7.184015091147088E+00  4.204067652963293E-04
 5.935700000000000E+04  6.647691788529436E+03  3.708097912519359E+03  4.234032012318116E-01 -3.532425585584231E+00  6.324415368792732E+00  2.694663003098994E-04
 5.935800000000000E+04  4.782935590361479E+03  5.920425672011960E+03  5.086092886550853E-01 -5.636821880500221E+00  4.551387728338510E+00  7.360275379864891E-05
 5.935900000000000E+04  2.227443628331512E+03  7.277567048698768E+03  5.034388660666096E-01 -6.927762536549332E+00  2.120835777180298E+00 -1.302845720131610E-04
 5.936000000000001E+04 -6.498235076284662E+02  7.583505715403636E+03  4.145600180012227E-01 -7.218427325556878E+00 -6.157943301188274E-01 -3.065063617372012E-04
 5.936100000000001E+04 -3.433414684716826E+03  6.794191841103579E+03  2.622931495065461E-01 -6.467098368367261E+00 -3.262723749661057E+00 -4.263004556096434E-04
 5.936200000000000E+04 -5.721590647035941E+03  5.023855895086439E+03  7.665255578001780E-02 -4.783092554430664E+00 -5.437535464528525E+00 -4.719723787464984E-04
 5.936300000000000E+04 -7.184453211628683E+03  2.528308894019422E+03 -1.077787507649642E-01 -2.410533218065531E+00 -6.826739840653769E+00 -4.395088378523209E-04
 5.936400000000001E+04 -7.611517622617422E+03 -3.322571289663479E+02 -2.580710158816947E-01  3.074807593832442E-01 -7.231007534898163E+00 -3.391387183062014E-04
 5.936500000000000E+04 -6.941856841254008E+03 -3.145458170814190E+03 -3.493077831868898E-01  2.978860201387925E+00 -6.593536130290092E+00 -1.931167824850513E-04
 5.936600000000001E+04 -5.272554185708208E+03 -5.506250302740665E+03 -3.693552472389421E-01  5.219235060594184E+00 -5.007620334475827E+00 -3.082383762390983E-05
 5.936700000000001E+04 -2.844385950546417E+03 -7.075176970345939E+03 -3.206111053044955E-01  6.707131382077655E+00 -2.702591044610314E+00  1.176124878845595E-04
 5.936800000000001E+04 -6.937182680417730E+00 -7.626983878781118E+03 -2.183756798055755E-01  7.229747201968935E+00 -1.040370326219343E-02  2.274547436357425E-04
 5.936900000000000E+04  2.831737777956248E+03 -7.082717722644180E+03 -8.654818929306969E-02  6.712949658065109E+00  2.682150820766611E+00  2.837762483101960E-04
 5.937000000000000E+04  5.263662361487619E+03 -5.520834367694263E+03  4.805344055819080E-02  5.231448534332149E+00  4.988729642071644E+00  2.833552175031960E-04
 5.937100000000000E+04  6.939355607641452E+03 -3.165834378021413E+03  1.613290743371399E-01  2.997906903554875E+00  6.578427378149332E+00  2.339493470068528E-04
 5.937200000000000E+04  7.617858474051037E+03 -3.560957860614722E+02  2.363001413617258E-01  3.326275405640570E-01  7.222838897605777E+00  1.514424163018484E-04
 5.937300000000000E+04  7.201304729900605E+03  2.504534634194980E+03  2.655300417266881E-01 -2.381951211268129E+00  6.828691740301308E+00  5.572426882692374E-05
 5.937400000000000E+04  5.749121097815372E+03  5.004567101153199E+03  2.513398933194049E-01 -4.755680346564432E+00  5.451475993149189E+00 -3.369443730676528E-05
 5.937500000000000E+04  3.469765253203349E+03  6.783938308032922E+03  2.040787425182554E-01 -6.446508874122817E+00  3.288021104547275E+00 -1.014471851709791E-04
 5.937600000000000E+04  6.910568691443916E+02  7.585906344860641E+03  1.390372787854178E-01 -7.209810731723244E+00  6.488279947851041E-01 -1.388294404818707E-04
 5.937700000000000E+04 -2.186784183412385E+03  7.294279617798571E+03  7.273172264849549E-02 -6.934090197749765E+00 -2.086163783066259E+00 -1.447647558854489E-04
 5.937800000000001E+04 -4.748739079216003E+03  5.950505995598396E+03  1.926753828124202E-02 -5.657708122874022E+00 -4.522210315571582E+00 -1.251967220998725E-04
 5.937900000000000E+04 -6.624950856710355E+03  3.748008041639347E+03 -1.259743991291992E-02 -3.563932576359024E+00 -6.306956969389602E+00 -9.109495121869682E-05
 5.938000000000000E+04 -7.544329676089185E+03  1.004452079106681E+03 -2.117276104606008E-02 -9.547906485417624E-01 -7.181804988999242E+00 -5.543256135324699E-05
 5.938100000000000E+04 -7.373943251625977E+03 -1.884108149447409E+03 -1.194238886117183E-02  1.792610432539094E+00 -7.019798468480574E+00 -2.967080791322359E-05
 5.938200000000000E+04 -6.138376922284055E+03 -4.500568793000344E+03  4.127731622961284E-03  4.280932144566551E+00 -5.844313695688377E+00 -2.047579768862743E-05
 5.938300000000001E+04 -4.016183907448670E+03 -6.467217564852821E+03  1.391852771836906E-02  6.150510419239283E+00 -3.825686580148979E+00 -2.752429146616127E-05
 5.938400000000001E+04 -1.313936086527058E+03 -7.500422209798362E+03  6.479431658473334E-03  7.131695827905616E+00 -1.256252876820348E+00 -4.320589852220723E-05
 5.938500000000000E+04  1.578292210338022E+03 -7.451565174959590E+03 -2.279333834232100E-02  7.083850444560492E+00  1.492433364037340E+00 -5.467496825544084E-05
 5.938600000000000E+04  4.243440235750814E+03 -6.328290393243272E+03 -6.956091519789440E-02  6.015302073484050E+00  4.023747252226022E+00 -4.804385462071965E-05
 5.938700000000000E+04  6.297689641006887E+03 -4.293072522981030E+03 -1.207934854009202E-01  4.081510374042220E+00  5.973420308860886E+00 -1.359386251837706E-05
 5.938800000000001E+04  7.445663504976216E+03 -1.639464096712972E+03 -1.582702433104533E-01  1.561997731776848E+00  7.061838852052334E+00  4.985540140729831E-05
 5.938900000000000E+04  7.522689390038484E+03  1.250401858467181E+03 -1.643383742740414E-01 -1.180324414526981E+00  7.133765121643401E+00  1.332767870229186E-04
 5.939000000000000E+04  6.518170294734581E+03  3.960843483322537E+03 -1.278066417903909E-01 -3.751399778405102E+00  6.180019487048878E+00  2.192289592051936E-04
 5.939100000000000E+04  4.576849965888568E+03  6.102282877646835E+03 -4.786582010335585E-02 -5.782348280463432E+00  4.338302295698718E+00  2.863158416125111E-04
 5.939200000000000E+04  1.977897599769806E+03  7.367029601271237E+03  6.492040658701378E-02 -6.981957785464322E+00  1.873241900641417E+00  3.145914116910480E-04
 5.939300000000000E+04 -9.051531722615676E+02  7.573301231470597E+03  1.903164811007209E-01 -7.178061483943432E+00 -8.614249581591075E-01  2.904654952375277E-04
 5.939400000000000E+04 -3.657906389225705E+03  6.691264172086943E+03  3.021665451605137E-01 -6.342071231261017E+00 -3.473227981759052E+00  2.103568958046512E-04
 5.939500000000000E+04 -5.884466562243169E+03  4.847403395136379E+03  3.736176249739913E-01 -4.593236203859330E+00 -5.586876227355601E+00  8.261631902136256E-05
 5.939600000000000E+04 -7.264248733826396E+03  2.306563879751706E+03  3.830882178674782E-01 -2.181957984221288E+00 -6.897907413407001E+00 -7.281230788181272E-05
 5.939700000000000E+04 -7.598147307736155E+03 -5.658557206828087E+02  3.198374139730222E-01  5.456293903327982E-01 -7.216520324844238E+00 -2.273565794719261E-04
 5.939800000000000E+04 -6.837424666903535E+03 -3.356256906294582E+03  1.877278528034027E-01  3.196981198549926E+00 -6.495302801973135E+00 -3.491862055425078E-04
 5.939900000000001E+04 -5.091075542507911E+03 -5.662327440266870E+03  5.981597149417912E-03  5.389501581060141E+00 -4.836713106036701E+00 -4.100215869459903E-04
 5.940000000000000E+04 -2.610458185265841E+03 -7.151139831125882E+03 -1.936140030403992E-01  6.805923954008556E+00 -2.478958737265508E+00 -3.918518328188800E-04
 5.940100000000000E+04  2.467444515004872E+02 -7.607436314868673E+03 -3.727059821020967E-01  7.240632990263862E+00  2.379852371658955E-01 -2.918869998500522E-04
 5.940200000000000E+04  3.068123593719434E+03 -6.965001438104611E+03 -4.943775320071807E-01  6.629980406525513E+00  2.921486027417693E+00 -1.243546563407871E-04
 5.940300000000000E+04  5.446241050255512E+03 -5.316438687266778E+03 -5.313501982922908E-01  5.061907227650434E+00  5.183360607518263E+00  8.152177559476663E-05
 5.940400000000000E+04  7.037694826505694E+03 -2.899835932702115E+03 -4.724177573408276E-01  2.763280124268941E+00  6.696501887912025E+00  2.871106086746080E-04
 5.940500000000000E+04  7.612879863023066E+03 -6.424126112429583E+01 -3.254795357160339E-01  6.677375096582863E-02  7.242545286452299E+00  4.523297587294245E-04
 5.940600000000001E+04  7.089150932898929E+03  2.780973751290984E+03 -1.163463203113711E-01 -2.637723397485773E+00  6.743475312156540E+00  5.441194416376280E-04
 5.940700000000000E+04  5.542579524001671E+03  5.225413997757615E+03  1.164307717360359E-01 -4.959883012649240E+00  5.272571229541824E+00  5.433874529266842E-04
 5.940800000000001E+04  3.196680572539433E+03  6.916945034684398E+03  3.294240612752904E-01 -6.565461352525199E+00  3.043254965950867E+00  4.488237867020132E-04
 5.940825000000000E+04 -7.191290973809236E+03  2.543812884005345E+03  4.351230691391785E-01 -2.409739299345814E+00 -6.815377690094853E+00 -3.547246133880268E-04
