# THALASSA - ORBITAL ELEMENTS                                                                                                                                                                           
#================================================================================================================================================================                                       
#                  MJD               SMA [km]                ECC [-]              INC [deg]             RAAN [deg]              AOP [deg]               MA [deg]                                        
 5.904300000000000E+04  7.627999999999997E+03  2.719525331514402E-16  0.000000000000000E+00  0.000000000000000E+00  0.000000000000000E+00  0.000000000000000E+00
 5.904400000000000E+04  7.628007091151780E+03  3.223275638034455E-04  1.213169992356215E-04  8.022600161416057E+01  2.323455122368661E+01  2.784132084948417E+02
 5.904500000000000E+04  7.628043731836906E+03  6.398808345980584E-04  2.846128435280253E-04  7.311847547586375E+01  4.363852058232257E+01  2.869906499344966E+02
 5.904600000000000E+04  7.628092423590492E+03  9.471301450863452E-04  4.955970330128560E-04  6.972019100250736E+01  6.049455951829518E+01  2.954069918651236E+02
 5.904700000000000E+04  7.628130057755978E+03  1.236557846663339E-03  7.486450908837805E-04  6.883671305712984E+01  7.501487664591795E+01  3.036444657749079E+02
 5.904800000000000E+04  7.628139462432510E+03  1.499629220132205E-03  1.031044359220068E-03  6.960125428131393E+01  8.801605854181227E+01  3.117531934518760E+02
 5.904900000000000E+04  7.628117989946711E+03  1.728806838737949E-03  1.325403224188718E-03  7.141658269874725E+01  1.000070485691055E+02  3.198213390060679E+02
 5.905000000000000E+04  7.628078771054781E+03  1.919252728992658E-03  1.611606256457256E-03  7.382590764730875E+01  1.113608574269034E+02  3.279325709572617E+02
 5.905100000000000E+04  7.628043926807015E+03  2.069086827556761E-03  1.869250976098894E-03  7.641514631848874E+01  1.224488841954632E+02  3.361295245624513E+02
 5.905200000000000E+04  7.628033129713719E+03  2.178030161717265E-03  2.081006667442692E-03  7.875380545377416E+01  1.337146908815589E+02  3.443991628127771E+02
 5.905300000000000E+04  7.628053357835372E+03  2.245383617483162E-03  2.236788050256251E-03  8.037292039633311E+01  1.456811799712689E+02  3.526876373904349E+02
 5.905400000000000E+04  7.628095149673663E+03  2.268830245345035E-03  2.338074835626882E-03  8.078695966050486E+01  1.588919081240364E+02  9.370201632915759E-01
 5.905500000000000E+04  7.628137346024443E+03  2.245003907446542E-03  2.401026445313783E-03  7.958103921980054E+01  1.737868292082450E+02  9.122294348303921E+00
 5.905600000000000E+04  7.628157923149782E+03  2.171472778022900E-03  2.456013417349867E-03  7.658856240974718E+01  1.905091268160302E+02  1.726685596629277E+01
 5.905700000000000E+04  7.628145309109661E+03  2.048747056111507E-03  2.540232860464392E-03  7.211483731886045E+01  2.086953324199062E+02  2.542879063427934E+01
 5.905800000000000E+04  7.628104363027653E+03  1.880925846831120E-03  2.682705836180802E-03  6.698700650794281E+01  2.274601749209654E+02  3.366613845297591E+01
 5.905900000000000E+04  7.628053966685815E+03  1.674541827992236E-03  2.889370966934706E-03  6.221137670585679E+01  2.457779338150929E+02  4.199826263131403E+01
 5.906000000000000E+04  7.628017502274788E+03  1.436375566354757E-03  3.140302613785682E-03  5.846827542569407E+01  2.630115062494450E+02  5.038195625489924E+01
 5.906100000000000E+04  7.628011135767495E+03  1.171716561865003E-03  3.400446566550318E-03  5.591300670020510E+01  2.791087395557142E+02  5.871414723720775E+01
 5.906200000000000E+04  7.628035862901380E+03  8.842277763626308E-04  3.633911887769002E-03  5.432167475925364E+01  2.944365691148618E+02  6.685189576161903E+01
 5.906300000000000E+04  7.628077259238214E+03  5.773761688903092E-04  3.813923465473063E-03  5.331004670616703E+01  3.095910847700126E+02  7.458341161768857E+01
 5.906400000000000E+04  7.628112989745193E+03  2.562898810115590E-04  3.927188479112181E-03  5.247311046797485E+01  3.258911182786381E+02  8.099487070785078E+01
 5.906500000000000E+04  7.628124207912698E+03  7.344340119581467E-05  3.974145473991273E-03  5.144893028625683E+01  1.479144366489998E+02  2.818703639123935E+02
 5.906600000000000E+04  7.628105107071578E+03  3.989449276113340E-04  3.966679221155225E-03  4.994743680300543E+01  1.715932397627402E+02  2.815676452113497E+02
 5.906700000000000E+04  7.628065851472960E+03  7.149029377759184E-04  3.924467778478301E-03  4.777149013197834E+01  1.884119288119375E+02  2.887993566350630E+02
 5.906800000000000E+04  7.628027426616733E+03  1.013957324018514E-03  3.870763779050958E-03  4.483980740914723E+01  2.053044531703089E+02  2.967128035694108E+02
 5.906900000000000E+04  7.628010974085891E+03  1.291753348193916E-03  3.828138618675559E-03  4.120752139764347E+01  2.225956444108706E+02  3.049280796160020E+02
 5.907000000000000E+04  7.628026947817225E+03  1.545029652916583E-03  3.814556222057148E-03  3.706978842538138E+01  2.402505171188410E+02  3.132851339853638E+02
 5.907100000000000E+04  7.628069576868292E+03  1.769754295109871E-03  3.840166901098320E-03  3.273161600486407E+01  2.580909878555753E+02  3.216571702215250E+02
 5.907200000000000E+04  7.628119511835690E+03  1.960108770930001E-03  3.905326314163381E-03  2.854027312680705E+01  2.758543748093343E+02  3.299596772322251E+02
 5.907300000000000E+04  7.628153429866722E+03  2.109207135148742E-03  4.000332436055215E-03  2.480125016667055E+01  2.932577207399535E+02  3.381701117961844E+02
 5.907400000000000E+04  7.628155768560258E+03  2.211152393530401E-03  4.106995840594745E-03  2.171158475640835E+01  3.100694668857384E+02  3.463229057506213E+02
 5.907500000000000E+04  7.628126587255782E+03  2.263046703148759E-03  4.201724154824025E-03  1.933083113405095E+01  3.261682705235028E+02  3.544797240341164E+02
 5.907600000000000E+04  7.628081490517297E+03  2.265602527700662E-03  4.259629282878846E-03  1.758480346858572E+01  3.415785314889206E+02  2.690253687561465E+00
 5.907700000000000E+04  7.628043590394558E+03  2.221946831484056E-03  4.259302763694668E-03  1.628249328782351E+01  3.564833103695853E+02  1.096241147837835E+01
 5.907800000000000E+04  7.628031641844585E+03  2.135435021309932E-03  4.188065464373458E-03  1.513183221312624E+01  1.121356557393054E+01  1.925734986759333E+01
 5.907900000000000E+04  7.628050504765874E+03  2.007994399730970E-03  4.047220924619243E-03  1.375647825978747E+01  2.620754449620958E+01  2.751324681846067E+01
 5.908000000000000E+04  7.628088792513912E+03  1.840137534807842E-03  3.855832161167264E-03  1.173741141002239E+01  4.192928560170733E+01  3.568515619897438E+01
 5.908100000000000E+04  7.628124904530649E+03  1.632562847152476E-03  3.650256282029659E-03  8.723196260393802E+00  5.872608817485313E+01  4.377723329965883E+01
 5.908200000000000E+04  7.628138243802735E+03  1.388104295561087E-03  3.475781721620033E-03  4.633851836210924E+00  7.661832989495616E+01  5.184903767677330E+01
 5.908300000000000E+04  7.628119846245879E+03  1.112617046842099E-03  3.369353307527026E-03  3.598547117130973E+02  9.512761439338371E+01  5.999355188348817E+01
 5.908400000000000E+04  7.628077035250549E+03  8.141895435969258E-04  3.341047877875822E-03  3.551562758285099E+02  1.133953010978615E+02  6.829884705149702E+01
 5.908500000000000E+04  7.628029805447681E+03  5.012109408578264E-04  3.369057772688786E-03  3.512678099316392E+02  1.306398378096513E+02  7.681719436441487E+01
 5.908600000000000E+04  7.628000820538317E+03  1.805838215461447E-04  3.412907797956864E-03  3.484987008016147E+02  1.464383922191017E+02  8.566209557047664E+01
 5.908700000000000E+04  7.628004077744030E+03  1.427235552283977E-04  3.432308953137841E-03  3.467237053071717E+02  3.422437202210925E+02  2.735061471832153E+02
 5.908800000000000E+04  7.628037914939593E+03  4.644542084720573E-04  3.399054316325876E-03  3.455787717410900E+02  3.563645320879876E+02  2.824048053182053E+02
 5.908900000000000E+04  7.628085844021100E+03  7.793281912098703E-04  3.300520962550996E-03  3.446255444016014E+02  1.071851659585964E+01  2.908788031575731E+02
 5.909000000000000E+04  7.628124799095127E+03  1.080043098857222E-03  3.138740284533552E-03  3.434212436038962E+02  2.554361832002716E+01  2.991329595894107E+02
 5.909100000000000E+04  7.628136689953606E+03  1.357999590363752E-03  2.928074444825106E-03  3.415355101791201E+02  4.119877517801681E+01  3.072386010686233E+02
 5.909200000000000E+04  7.628117448398943E+03  1.605212384779740E-03  2.692405211658466E-03  3.385709843909634E+02  5.798531345393724E+01  3.152916296645088E+02
 5.909300000000000E+04  7.628079014656786E+03  1.816139812621439E-03  2.461276905145434E-03  3.342389726603867E+02  7.610112223943815E+01  3.233827424662031E+02
 5.909400000000000E+04  7.628043170224070E+03  1.988214335482777E-03  2.263913441595821E-03  3.285152453037199E+02  9.552053275970479E+01  3.315618046605608E+02
 5.909500000000000E+04  7.628030282571664E+03  2.120716411368337E-03  2.120901421533169E-03  3.218053849679844E+02  1.158456186494351E+02  3.398212153397200E+02
 5.909600000000000E+04  7.628048714638211E+03  2.212776948451564E-03  2.036476195948731E-03  3.149141150643362E+02  1.363243810737565E+02  3.481083654056155E+02
 5.909700000000000E+04  7.628090322362998E+03  2.261965202362066E-03  1.997124019914257E-03  3.087058884337169E+02  1.561542079637699E+02  3.563615315604664E+02
 5.909800000000000E+04  7.628134476270124E+03  2.264572885072277E-03  1.978441327336557E-03  3.037218201400901E+02  1.748262265887795E+02  4.548533098453584E+00
 5.909900000000000E+04  7.628158575589042E+03  2.217461534075426E-03  1.954654304488076E-03  3.000760715160450E+02  1.922101451174073E+02  1.268547728393680E+01
 5.910000000000000E+04  7.628149645211704E+03  2.120193068604880E-03  1.904684237922660E-03  2.975863849802670E+02  2.084343866250331E+02  2.082610488986550E+01
 5.910100000000000E+04  7.628111022248901E+03  1.975973647223785E-03  1.813944937209069E-03  2.959194172337322E+02  2.237738269412744E+02  2.902876820731475E+01
 5.910200000000000E+04  7.628060696980591E+03  1.790769706082247E-03  1.674193520435364E-03  2.946391829787525E+02  2.386400269318425E+02  3.731781367999882E+01
 5.910300000000000E+04  7.628022208074573E+03  1.571189318216634E-03  1.483593304369314E-03  2.931382213429655E+02  2.536753999134967E+02  4.565828500365842E+01
 5.910400000000000E+04  7.628012805661523E+03  1.322561646547261E-03  1.248371523073535E-03  2.904101330177657E+02  2.699793438790169E+02  5.395725060732337E+01
 5.910500000000000E+04  7.628034923976896E+03  1.048502204806971E-03  9.876316114512103E-04  2.845109926536954E+02  2.896228931467110E+02  6.208769819208511E+01
 5.910600000000000E+04  7.628075224462717E+03  7.521478082832714E-04  7.448229492081652E-04  2.715991029231774E+02  3.166014680148190E+02  6.989597393303633E+01
 5.910700000000000E+04  7.628111585951870E+03  4.380216433877496E-04  6.034349886731091E-04  2.475790156456414E+02  3.553734673170324E+02  7.701912662132328E+01
 5.910800000000000E+04  7.628124446223995E+03  1.135921056334037E-04  6.302393748071602E-04  2.208542006698574E+02  4.204697657928401E+01  7.894552739499143E+01
 5.910900000000000E+04  7.628106731753602E+03  2.157634697895203E-04  7.482141201225894E-04  2.044706487473405E+02  2.400876625715320E+02  2.791634111769005E+02
 5.911000000000000E+04  7.628067460572813E+03  5.367236170800496E-04  8.411373456628586E-04  1.961942558416931E+02  2.647311340684168E+02  2.846711928404776E+02
 5.911100000000000E+04  7.628027203753846E+03  8.445713450988252E-04  8.526719943940296E-04  1.905353328531425E+02  2.846671938165945E+02  2.922687557146004E+02
 5.911200000000000E+04  7.628007659736512E+03  1.134303278850064E-03  7.799954731119144E-04  1.830588655894598E+02  3.059134560674823E+02  3.003735856527932E+02
 5.911300000000000E+04  7.628020578282558E+03  1.402399629454557E-03  6.701497718332810E-04  1.689152172911527E+02  3.336174106903366E+02  3.086879709500369E+02
 5.911400000000000E+04  7.628061588179075E+03  1.644842485444059E-03  6.245393613707452E-04  1.451154904425147E+02  1.093413657346193E+01  3.170458650621308E+02
 5.911500000000000E+04  7.628112149327481E+03  1.855873086946941E-03  7.322247707821556E-04  1.209477992835441E+02  4.867955300979384E+01  3.253433027912644E+02
 5.911600000000000E+04  7.628148736059999E+03  2.028415777914963E-03  9.554795212740124E-04  1.065017338537112E+02  7.679863784307074E+01  3.335456874715157E+02
 5.911700000000000E+04  7.628154648893745E+03  2.155982020644778E-03  1.212155639161528E-03  9.965323213451897E+01  9.738700637690846E+01  3.416813525653143E+02
 5.911800000000000E+04  7.628128436402131E+03  2.234778034303496E-03  1.451766709955467E-03  9.658040748736738E+01  1.142048645566154E+02  3.498118314932796E+02
 5.911900000000000E+04  7.628084569349033E+03  2.264594074432590E-03  1.649015560974990E-03  9.511241825313047E+01  1.293683708371387E+02  3.579916909717166E+02
 5.912000000000000E+04  7.628045967344681E+03  2.247879813588192E-03  1.792783575719709E-03  9.407157013441750E+01  1.440397444493370E+02  6.236369147450909E+00
 5.912100000000000E+04  7.628032205335855E+03  2.187634944780476E-03  1.881611747578307E-03  9.271829411632534E+01  1.589907069130827E+02  1.451376634974605E+01
 5.912200000000000E+04  7.628049488830506E+03  2.085578803862330E-03  1.922468113073695E-03  9.050338263070266E+01  1.748294935803650E+02  2.276496385553905E+01
 5.912300000000000E+04  7.628087569170374E+03  1.941883697699519E-03  1.930739587977481E-03  8.699839088083446E+01  1.920316969316401E+02  3.094292047650785E+01
 5.912400000000000E+04  7.628125147958096E+03  1.756610618533162E-03  1.929682378178733E-03  8.195947219038614E+01  2.108428226650196E+02  3.904602743143161E+01
 5.912500000000000E+04  7.628140959919510E+03  1.531751166488914E-03  1.947146433566880E-03  7.549350027390780E+01  2.311033475154319E+02  4.712690522199836E+01
 5.912600000000000E+04  7.628124746311206E+03  1.272388993658203E-03  2.008031692727231E-03  6.818760666237424E+01  2.521392889615075E+02  5.527231643506830E+01
 5.912700000000000E+04  7.628082584673070E+03  9.861850837332581E-04  2.124810197736188E-03  6.096288438902126E+01  2.729474901486053E+02  6.356422728379729E+01
 5.912800000000000E+04  7.628033893553581E+03  6.815284787193651E-04  2.292789376308451E-03  5.465115001532249E+01  2.926590198331297E+02  7.203970003652877E+01
 5.912900000000000E+04  7.628001708841090E+03  3.655879371340868E-04  2.493643656469752E-03  4.967136324823029E+01  3.108800613292125E+02  8.067361485998973E+01
 5.913000000000000E+04  7.628001186514260E+03  4.358286106292877E-05  2.702909289971197E-03  4.603615377027297E+01  3.273628600674476E+02  8.970118543441980E+01
 5.913100000000000E+04  7.628032076877061E+03  2.802742940457397E-04  2.895920417717259E-03  4.352549648556480E+01  1.636595177099468E+02  2.777904447310036E+02
 5.913200000000000E+04  7.628078904410495E+03  6.009588077810898E-04  3.051039415137582E-03  4.182322631338533E+01  1.787920051323833E+02  2.862356590993208E+02
 5.913300000000000E+04  7.628118754012389E+03  9.114662569742584E-04  3.151885202439848E-03  4.056544358566912E+01  1.936957493115682E+02  2.944652944951256E+02
 5.913400000000000E+04  7.628132763200350E+03  1.203224007288218E-03  3.190343978064636E-03  3.933393597420103E+01  2.087216877444355E+02  3.025465367946872E+02
 5.913500000000000E+04  7.628115575549340E+03  1.467859816521915E-03  3.171020950600455E-03  3.764411235969597E+01  2.242589973881020E+02  3.105746680260001E+02
 5.913600000000000E+04  7.628077985451338E+03  1.699124586404074E-03  3.116034275554283E-03  3.499109763648850E+01  2.407182428364695E+02  3.186438873097403E+02
 5.913700000000000E+04  7.628041372765338E+03  1.893692576597910E-03  3.066150676442469E-03  3.103760550662422E+01  2.583812863735925E+02  3.268095862526465E+02
 5.913800000000000E+04  7.628026672666967E+03  2.050300078707720E-03  3.071040183533855E-03  2.594742794588440E+01  2.770872856681285E+02  3.350688848741973E+02
 5.913900000000000E+04  7.628043471700808E+03  2.167813654424045E-03  3.165189133223360E-03  2.055063578978205E+01  2.960578531796904E+02  3.433702448236772E+02
 5.914000000000000E+04  7.628084856167457E+03  2.243638111010389E-03  3.344243034014139E-03  1.590397829504967E+01  3.143019134388231E+02  3.516481456871529E+02
 5.914100000000000E+04  7.628130751464524E+03  2.273709777866219E-03  3.566333216397625E-03  1.258113464466484E+01  3.312853476590552E+02  3.598631158294219E+02
 5.914200000000000E+04  7.628158123629958E+03  2.254179410552828E-03  3.776945140459253E-03  1.048207044319534E+01  3.470995836511892E+02  8.023744379226700E+00
 5.914300000000000E+04  7.628152754290762E+03  2.183630089682880E-03  3.933200458410563E-03  9.134685232244101E+00  2.167295497624209E+00  1.617934612567259E+01
 5.914400000000000E+04  7.628116539490737E+03  2.064305378790831E-03  4.014354076394222E-03  8.006386789439318E+00  1.696184232335047E+01  2.438900543091912E+01
 5.914500000000000E+04  7.628066546084507E+03  1.901513526356914E-03  4.020953288920217E-03  6.649552516938027E+00  3.190008168985590E+01  3.268337246203969E+01
 5.914600000000000E+04  7.628026346638603E+03  1.701610482151296E-03  3.968928579309780E-03  4.739603046957677E+00  4.733056132688399E+01  4.103844673011221E+01
 5.914700000000000E+04  7.628014135112260E+03  1.469929838563919E-03  3.882846997391722E-03  2.080830228223076E+00  6.352712960788386E+01  4.937614421692686E+01
 5.914800000000000E+04  7.628033703316882E+03  1.210058103640486E-03  3.790027674344404E-03  3.586161123724325E+02  8.065130746306340E+01  5.759217256296690E+01
 5.914900000000000E+04  7.628072792697391E+03  9.248522703213972E-04  3.715607607097220E-03  3.544439795246211E+02  9.870238277668899E+01  6.558881213988586E+01
 5.915000000000000E+04  7.628109579049276E+03  6.183032936343815E-04  3.678193216265013E-03  3.498208139892971E+02  1.175359359254435E+02  7.325413979409375E+01
 5.915100000000000E+04  7.628123902102011E+03  2.968159085438648E-04  3.686309080164347E-03  3.451168331263397E+02  1.373196503834044E+02  8.005021910663696E+01
 5.915200000000000E+04  7.628107551348546E+03  3.352944586490295E-05  3.736705276762130E-03  3.407186785110516E+02  3.138701922466245E+02  2.897736558156795E+02
 5.915300000000000E+04  7.628068455248297E+03  3.576420171443968E-04  3.815519297410935E-03  3.369195281242569E+02  3.492794713138038E+02  2.800392759412232E+02
 5.915400000000000E+04  7.628026700627330E+03  6.736107246256179E-04  3.901983940906060E-03  3.338541575028617E+02  6.816199399087591E+00  2.874435577647254E+02
 5.915500000000000E+04  7.628004385608570E+03  9.745275001949760E-04  3.973177735003545E-03  3.314984931117424E+02  2.292292381808600E+01  2.955680697222810E+02
 5.915600000000000E+04  7.628014380576642E+03  1.256590032755703E-03  4.008334701005827E-03  3.297087847848862E+02  3.822323993806182E+01  3.039330692974745E+02
 5.915700000000000E+04  7.628053649035587E+03  1.515773362277570E-03  3.992030843389426E-03  3.282662678951475E+02  5.312793131505694E+01  3.123466518657862E+02
 5.915800000000000E+04  7.628104540261918E+03  1.746387314393057E-03  3.916248176104446E-03  3.269088540022589E+02  6.801348944966104E+01  3.206944818639842E+02
 5.915900000000000E+04  7.628143507484337E+03  1.941212945579137E-03  3.781614264012740E-03  3.253482089112441E+02  8.320964657657372E+01  3.289351436050948E+02
 5.916000000000000E+04  7.628152892320024E+03  2.093233319206755E-03  3.598084767504113E-03  3.232815554733244E+02  9.899388709474334E+01  3.370938285659795E+02
 5.916100000000000E+04  7.628129803177040E+03  2.197806184375438E-03  3.385114424770235E-03  3.204185287052049E+02  1.155934728296255E+02  3.452334973339123E+02
 5.916200000000000E+04  7.628087514743264E+03  2.253813135749681E-03  3.170595658582344E-03  3.165586905930136E+02  1.331484973254457E+02  3.534143731844113E+02
 5.916300000000000E+04  7.628048591447649E+03  2.263015347311820E-03  2.986406976897548E-03  3.117518535148372E+02  1.515857397014428E+02  1.659818117305056E+00
 5.916400000000000E+04  7.628033241112244E+03  2.228054312832493E-03  2.858007886862779E-03  3.064848004594465E+02  1.704435552422717E+02  9.944740873888398E+00
 5.916500000000000E+04  7.628048922000475E+03  2.150487311213123E-03  2.790150302600226E-03  3.016635911527625E+02  1.888719472392331E+02  1.821319475255592E+01
 5.916600000000000E+04  7.628086550203127E+03  2.030244714472179E-03  2.759525201233042E-03  2.982175691995545E+02  2.059911068981339E+02  2.641577620659746E+01
 5.916700000000000E+04  7.628125291930442E+03  1.866875172677841E-03  2.724057372749584E-03  2.966149754258634E+02  2.213410038260267E+02  3.454436154664005E+01
 5.916800000000000E+04  7.628143397661860E+03  1.661626439234215E-03  2.642747753782735E-03  2.967252537772910E+02  2.350075400819098E+02  4.264360979176315E+01
 5.916900000000000E+04  7.628129455252181E+03  1.418851949305294E-03  2.491597927769867E-03  2.980065058750623E+02  2.474528376220671E+02  5.079322339765248E+01
 5.917000000000000E+04  7.628088302963280E+03  1.145763909765337E-03  2.268621975376204E-03  2.997439462282081E+02  2.593152797543924E+02  5.906949371565981E+01
 5.917100000000000E+04  7.628038656956774E+03  8.506986213067949E-04  1.990059928089738E-03  3.011940406701725E+02  2.713093249121129E+02  6.750140871046543E+01
 5.917200000000000E+04  7.628003748959662E+03  5.410529041399744E-04  1.682901342947634E-03  3.016291710493113E+02  2.842190871548231E+02  7.603245388710623E+01
 5.917300000000000E+04  7.627999741787551E+03  2.222840987944998E-04  1.377613450746075E-03  3.003337011764639E+02  2.990194221914479E+02  8.440346740215151E+01
 5.917400000000000E+04  7.628027731050005E+03  1.014209290858717E-04  1.102481648352832E-03  2.966527379113326E+02  1.345543448483076E+02  2.744254267089879E+02
 5.917500000000000E+04  7.628073297644921E+03  4.252552418743343E-04  8.786741217199521E-04  2.902785777010373E+02  1.551771797638251E+02  2.820527951159273E+02
 5.917600000000000E+04  7.628113800467941E+03  7.426183345345916E-04  7.141942855249813E-04  2.818913176466655E+02  1.773470733583444E+02  2.901463520284394E+02
 5.917700000000000E+04  7.628129766386298E+03  1.045091295548095E-03  5.984478246076520E-04  2.735800050103609E+02  1.995263057276882E+02  2.981547194377733E+02
 5.917800000000000E+04  7.628114648354752E+03  1.324085554518096E-03  5.057346048069667E-04  2.680846435124715E+02  2.189246877592316E+02  3.061279868330364E+02
 5.917900000000000E+04  7.628078076061463E+03  1.572792924360685E-03  4.098744890137247E-04  2.680393612219920E+02  2.328215471578933E+02  3.141526109209617E+02
 5.918000000000000E+04  7.628040886464471E+03  1.787209659473873E-03  3.006022919241054E-04  2.780723282711073E+02  2.365323806455195E+02  3.222848963406631E+02
 5.918100000000000E+04  7.628024383284086E+03  1.965537043151767E-03  2.144722903333644E-04  3.119200073604655E+02  2.163214914103601E+02  3.305241285788852E+02
 5.918200000000000E+04  7.628039283115786E+03  2.106370390057310E-03  2.768017904491654E-04  2.291526094298597E+00  1.795318633980962E+02  3.388183059004444E+02
 5.918300000000000E+04  7.628079968996693E+03  2.206988249139124E-03  4.780918970846658E-04  2.693661095542969E+01  1.684840928563470E+02  3.470972203743967E+02
 5.918400000000000E+04  7.628127133459020E+03  2.263084257108732E-03  7.322606078894264E-04  3.828488348224399E+01  1.707958673487546E+02  3.553136235176090E+02
 5.918500000000000E+04  7.628157512244895E+03  2.270245497068342E-03  1.003316632991266E-03  4.528974625975374E+01  1.775130858970437E+02  3.468185563973576E+00
 5.918600000000000E+04  7.628155743377789E+03  2.226190644181702E-03  1.269397479174677E-03  5.051158974810709E+01  1.860309132625938E+02  1.160524251065419E+01
 5.918700000000000E+04  7.628122232832029E+03  2.132231168688006E-03  1.512884973946266E-03  5.471820038961400E+01  1.955225463378570E+02  1.978366859010978E+01
 5.918800000000000E+04  7.628072961774876E+03  1.992964629413706E-03  1.720064903446418E-03  5.807562400190874E+01  2.057865452812459E+02  2.803874518480639E+01
 5.918900000000000E+04  7.628031357127566E+03  1.814406220556373E-03  1.882691111499333E-03  6.048043549520210E+01  2.169424281034186E+02  3.635434396451453E+01
 5.919000000000000E+04  7.628016440504011E+03  1.601823021149886E-03  2.000285976402847E-03  6.167494417708772E+01  2.293174554554260E+02  4.466094642340032E+01
 5.919100000000000E+04  7.628033346276567E+03  1.358740138476132E-03  2.083010689881556E-03  6.132936367622351E+01  2.433379925695608E+02  5.286208075318380E+01
 5.919200000000000E+04  7.628070996923702E+03  1.087722066213690E-03  2.154143155999639E-03  5.919317062427829E+01  2.593411372487892E+02  6.087128059865255E+01
 5.919300000000000E+04  7.628108011544442E+03  7.922081468391010E-04  2.248733465321735E-03  5.536916889442408E+01  2.772924651775744E+02  6.862022620079883E+01
 5.919400000000000E+04  7.628123770745861E+03  4.779698938075283E-04  2.403131683255351E-03  5.056418836659682E+01  2.966652065612343E+02  7.592884808969752E+01
 5.919500000000000E+04  7.628108955938845E+03  1.533130755556840E-04  2.635882854170153E-03  4.592281384209398E+01  3.185122092471715E+02  8.059965130995106E+01
 5.919600000000000E+04  7.628070317650308E+03  1.745382546876073E-04  2.934178188651253E-03  4.239177263080902E+01  1.468102711423613E+02  2.777090370579438E+02
 5.919700000000000E+04  7.628027301506942E+03  4.950213353290190E-04  3.259078907259540E-03  4.026708852684609E+01  1.652959602880974E+02  2.832243730175393E+02
 5.919800000000000E+04  7.628002247587583E+03  8.039999747577574E-04  3.563739767205188E-03  3.928912739388203E+01  1.802926530429578E+02  2.910819351373994E+02
 5.919900000000000E+04  7.628009085235180E+03  1.097257557096764E-03  3.810614259783418E-03  3.895809881382051E+01  1.942152080887299E+02  2.993667257803874E+02
 5.920000000000000E+04  7.628046157550675E+03  1.370777289832447E-03  3.980541794930637E-03  3.876064468487417E+01  2.079024253222154E+02  3.077533906527267E+02
 5.920100000000000E+04  7.628096840474659E+03  1.619007384471822E-03  4.073695311758101E-03  3.826990789012520E+01  2.219315725184972E+02  3.160915757289010E+02
 5.920200000000000E+04  7.628137730473049E+03  1.834694573075229E-03  4.105393905112590E-03  3.717878133068696E+01  2.366671846484414E+02  3.243238435427414E+02
 5.920300000000000E+04  7.628150334601779E+03  2.010395211394243E-03  4.100011375763096E-03  3.531314459617460E+01  2.522655695783463E+02  3.324679282751168E+02
 5.920400000000000E+04  7.628130351794393E+03  2.140658606502085E-03  4.084932719426514E-03  3.264437006890550E+01  2.686933889181783E+02  3.405856834922463E+02
 5.920500000000000E+04  7.628089770244111E+03  2.223409154654100E-03  4.085105181369036E-03  2.929680568859604E+01  2.857621311874095E+02  3.487411812835817E+02
 5.920600000000000E+04  7.628050639334603E+03  2.259604056858321E-03  4.118361240392767E-03  2.552946472998708E+01  3.031828500576243E+02  3.569643321756369E+02
 5.920700000000000E+04  7.628033673359316E+03  2.251403079925570E-03  4.192198920588200E-03  2.167570102370934E+01  3.206412948496595E+02  5.236093609082762E+00
 5.920800000000000E+04  7.628047557712031E+03  2.200123517604491E-03  4.302980216050288E-03  1.805505464147752E+01  3.378715054439082E+02  1.350300162076250E+01
 5.920900000000000E+04  7.628084495105033E+03  2.105440280387655E-03  4.437696545252721E-03  1.489828082482838E+01  3.546946595380244E+02  2.171323794826830E+01
 5.921000000000000E+04  7.628124281883711E+03  1.966398033603565E-03  4.577255299351472E-03  1.231600127759213E+01  1.101440719121793E+01  2.985258718629226E+01
 5.921100000000000E+04  7.628144795808615E+03  1.783470979056508E-03  4.700010120850852E-03  1.030697899655097E+01  2.679429828007636E+01  3.795870551322221E+01
 5.921200000000000E+04  7.628133435357471E+03  1.560173782368345E-03  4.784915275579730E-03  8.782007921782760E+00  4.204901588306370E+01  4.610601166438990E+01
 5.921300000000000E+04  7.628093654504987E+03  1.303100550639877E-03  4.814531714320442E-03  7.584562418268333E+00  5.686079486054727E+01  5.436866844871535E+01
 5.921400000000000E+04  7.628043311025198E+03  1.020362884108510E-03  4.778229089625090E-03  6.504024229301263E+00  7.140977091392561E+01  6.277706603041833E+01
 5.921500000000000E+04  7.628005733014700E+03  7.194667065918177E-04  4.675404962695906E-03  5.287604738246200E+00  8.599782455610905E+01  7.128209598353382E+01
 5.921600000000000E+04  7.627998085895922E+03  4.060591530069952E-04  4.517882068078011E-03  3.663363022799687E+00  1.010738338595070E+02  7.970688288240827E+01
 5.921700000000000E+04  7.628022898711316E+03  8.440150337282237E-05  4.330091555649747E-03  1.390740129037540E+00  1.183964737690800E+02  8.653341484497128E+01
 5.921800000000000E+04  7.628066936002751E+03  2.411932519993527E-04  4.145453958965635E-03  3.583509208061652E+02  3.120103133582803E+02  2.778360304354650E+02
 5.921900000000000E+04  7.628107951646001E+03  5.642203583161999E-04  3.998050790260797E-03  3.546590030499351E+02  3.298320578277343E+02  2.855829626127655E+02
 5.922000000000000E+04  7.628125902108324E+03  8.765529774118117E-04  3.910796929146772E-03  3.507174515379008E+02  3.477326716562054E+02  2.935007492799417E+02
 5.922100000000000E+04  7.628113009769806E+03  1.169386257291377E-03  3.885240295079663E-03  3.471061914574451E+02  5.293058726013403E+00  3.014284846872064E+02
 5.922200000000000E+04  7.628077629395541E+03  1.435323569666261E-03  3.899740736019960E-03  3.443308225969377E+02  2.194703027911619E+01  3.094266865350581E+02
 5.922300000000000E+04  7.628039936492799E+03  1.669618817130625E-03  3.917735626974192E-03  3.426131801997408E+02  3.742005259991252E+01  3.175480333174590E+02
 5.922400000000000E+04  7.628021554844246E+03  1.869863912389615E-03  3.900795461794714E-03  3.418562372620437E+02  5.180930264398518E+01  3.257924241220380E+02
 5.922500000000000E+04  7.628034340591039E+03  2.034325297209023E-03  3.820126581872375E-03  3.417357312943569E+02  6.549210406507795E+01  3.341068942591951E+02
 5.922600000000000E+04  7.628074057974872E+03  2.160137661300364E-03  3.663511279538675E-03  3.418133653236512E+02  7.898177507376622E+01  3.424165163277022E+02
 5.922700000000000E+04  7.628122268770750E+03  2.242763013866794E-03  3.437130360741559E-03  3.416217325195479E+02  9.280071689164613E+01  3.506663348203018E+02
 5.922800000000000E+04  7.628155571539163E+03  2.277238517298305E-03  3.162695199780109E-03  3.407244161931802E+02  1.073924797131177E+02  3.588491731724013E+02
 5.922900000000000E+04  7.628157501981160E+03  2.260406367238396E-03  2.871156993455162E-03  3.387758066602787E+02  1.230630449641511E+02  7.004547819345452E+00
 5.923000000000000E+04  7.628126931230247E+03  2.192596158308141E-03  2.594840745792707E-03  3.356043541546956E+02  1.399247833787753E+02  1.519150556710867E+01
 5.923100000000000E+04  7.628078651951136E+03  2.077622143123519E-03  2.359664169406087E-03  3.313201383979533E+02  1.578267763916712E+02  2.345079274925445E+01
 5.923200000000000E+04  7.628035835998186E+03  1.921094946341901E-03  2.178797391862166E-03  3.263800527025547E+02  1.763188499445246E+02  3.177568034735069E+01
 5.923300000000000E+04  7.628018278056208E+03  1.728190812388597E-03  2.049708183575799E-03  3.214974846444604E+02  1.947461070161901E+02  4.010775530068669E+01
 5.923400000000000E+04  7.628032507450392E+03  1.502400309022042E-03  1.956527515739791E-03  3.173888816060211E+02  2.124770523452105E+02  4.836219341016997E+01
 5.923500000000000E+04  7.628068724776871E+03  1.246050054050951E-03  1.876689443778095E-03  3.145365171522909E+02  2.290996089007199E+02  5.646891617927813E+01
 5.923600000000000E+04  7.628106083226287E+03  9.620769145867030E-04  1.788018095881522E-03  3.131332408035919E+02  2.444474829963479E+02  6.440142215853720E+01
 5.923700000000000E+04  7.628123500232947E+03  6.556470647225273E-04  1.673121679128067E-03  3.131772475034633E+02  2.585245937998073E+02  7.215756603599546E+01
 5.923800000000000E+04  7.628110481844988E+03  3.344383334814929E-04  1.520944733521780E-03  3.146020253684759E+02  2.715893660595470E+02  7.954533843824530E+01
 5.923900000000000E+04  7.628072513247352E+03  1.004477868633706E-05  1.326840061875378E-03  3.173898263114819E+02  3.254468290224599E+02  4.477734741829941E+01
 5.924000000000000E+04  7.628028345510646E+03  3.177112340797611E-04  1.092449671362073E-03  3.217063747907532E+02  1.093933704380064E+02  2.783914112075254E+02
 5.924100000000000E+04  7.628000570209917E+03  6.340611351518508E-04  8.262363308027658E-04  3.282272010875289E+02  1.169091942084026E+02  2.862317992766347E+02
 5.924200000000000E+04  7.628004204755252E+03  9.376476421871871E-04  5.461362519783527E-04  3.394003605570110E+02  1.192447313755114E+02  2.946000958556238E+02
 5.924300000000000E+04  7.628039011203560E+03  1.224418610519688E-03  2.953698999048899E-04  6.165520925419644E+00  1.058920213099282E+02  3.030646899564981E+02
 5.924400000000000E+04  7.628089427684009E+03  1.488941169656082E-03  2.317158034098226E-04  7.236386281611986E+01  5.316836250664245E+01  3.114671710225954E+02
 5.924500000000000E+04  7.628132215076826E+03  1.723959155961410E-03  3.911252529711261E-04  1.095677537138423E+02  2.956176834634010E+01  3.197471612797152E+02
 5.924600000000000E+04  7.628148054504545E+03  1.921676612901335E-03  5.562497474113187E-04  1.202566189480382E+02  3.257608393265306E+01  3.279213258716234E+02
 5.924700000000000E+04  7.628131200080556E+03  2.075921818667283E-03  6.747383443374178E-04  1.216956993070907E+02  4.488216736691291E+01  3.360534695930755E+02
 5.924800000000000E+04  7.628092303803143E+03  2.183736230643418E-03  7.570916938898554E-04  1.170379955629162E+02  6.325761035431841E+01  3.442129256695499E+02
 5.924900000000000E+04  7.628052869331634E+03  2.245326209141913E-03  8.462464669022394E-04  1.076606841844022E+02  8.628806313148230E+01  3.524368597173390E+02
 5.925000000000000E+04  7.628034126169686E+03  2.262414904214536E-03  9.944403449039354E-04  9.665241965752439E+01  1.108973522190188E+02  7.128607573242848E-01
 5.925100000000000E+04  7.628046052111731E+03  2.236142095236937E-03  1.223768898179997E-03  8.773990263775593E+01  1.334092231043729E+02  8.990599293512529E+00
 5.925200000000000E+04  7.628082201718423E+03  2.166012678165598E-03  1.514290495753219E-03  8.236876538843566E+01  1.524317353459192E+02  1.721648936650364E+01
 5.925300000000000E+04  7.628123048231865E+03  2.050660860439985E-03  1.826928780006101E-03  7.994420967941015E+01  1.685796359290792E+02  2.537062103633179E+01
 5.925400000000000E+04  7.628146102736549E+03  1.889857876955178E-03  2.123901418890305E-03  7.936958839784462E+01  1.829188326953957E+02  3.348368061466901E+01
 5.925500000000000E+04  7.628137552714539E+03  1.686305594404654E-03  2.376924538226939E-03  7.970029322467609E+01  1.963249931084685E+02  4.162448417494779E+01
 5.925600000000000E+04  7.628099430200482E+03  1.445959664455798E-03  2.569654726060115E-03  8.021763602526688E+01  2.094452970043918E+02  4.986439882323771E+01
 5.925700000000000E+04  7.628048680486479E+03  1.176658821910880E-03  2.697972949377008E-03  8.037692514303065E+01  2.227941372631732E+02  5.823363052959655E+01
 5.925800000000000E+04  7.628008687563331E+03  8.859752302878566E-04  2.768983403628421E-03  7.976895385453497E+01  2.368285893453559E+02  6.668430864789147E+01
 5.925900000000000E+04  7.627997608115237E+03  5.797354618676217E-04  2.798909230989031E-03  7.811546323390357E+01  2.519901412537083E+02  7.505329177752641E+01
 5.926000000000000E+04  7.628019404738376E+03  2.622102960430334E-04  2.810011234591208E-03  7.529416174637221E+01  2.689694783280451E+02  8.277232137234482E+01
 5.926100000000000E+04  7.628062029923446E+03  6.288682887098511E-05  2.826609365147062E-03  7.137965964361341E+01  9.880063066608120E+01  2.787328767810532E+02
 5.926200000000000E+04  7.628103607028511E+03  3.884167604178908E-04  2.870295830167938E-03  6.666760522337071E+01  1.223729548675275E+02  2.817500050406268E+02
 5.926300000000000E+04  7.628123501423202E+03  7.074329141894773E-04  2.954954376106368E-03  6.163327139570258E+01  1.417215126403349E+02  2.893133380257238E+02
 5.926400000000000E+04  7.628112694655640E+03  1.010796723994888E-03  3.083109984514302E-03  5.680403634874524E+01  1.606371115820165E+02  2.971045958625377E+02
 5.926500000000000E+04  7.628078294978205E+03  1.290658887410769E-03  3.245382640517948E-03  5.260246690801824E+01  1.787968528997006E+02  3.050240091206720E+02
 5.926600000000000E+04  7.628039870307117E+03  1.541654501517395E-03  3.423220101206526E-03  4.925141483223851E+01  1.959552654512729E+02  3.130941427207378E+02
 5.926700000000000E+04  7.628019394326193E+03  1.760852692071542E-03  3.593361565459666E-03  4.677247682257907E+01  2.120984228377298E+02  3.213073460717417E+02
 5.926800000000001E+04  7.628029867602669E+03  1.946259448490122E-03  3.732338752631868E-03  4.503603237067462E+01  2.274127868561391E+02  3.296068582197548E+02
 5.926900000000000E+04  7.628068417800669E+03  2.094948695969417E-03  3.820394855392829E-03  4.381012391381174E+01  2.422109813696150E+02  3.379121054424293E+02
 5.927000000000000E+04  7.628117468095767E+03  2.202268517296260E-03  3.845125519328637E-03  4.278519627142617E+01  2.568656514744687E+02  3.461600463161404E+02
 5.927100000000000E+04  7.628153504487755E+03  2.262839184745354E-03  3.805315402999046E-03  4.158273798203771E+01  2.717707357617699E+02  3.543352228964905E+02
 5.927200000000000E+04  7.628158987036763E+03  2.272725246659728E-03  3.714604793674249E-03  3.977907741785225E+01  2.873158645256069E+02  2.471574520969019E+00
 5.927300000000000E+04  7.628131286558245E+03  2.231301951400420E-03  3.602988314448722E-03  3.699313935399755E+01  3.038238250797264E+02  1.062726443995043E+01
 5.927400000000000E+04  7.628084024135606E+03  2.141550457277624E-03  3.512311261119265E-03  3.307334691029811E+01  3.214012844988104E+02  1.884711952677586E+01
 5.927500000000001E+04  7.628040118410680E+03  2.008583927641367E-03  3.482476561151032E-03  2.830743803876045E+01  3.397597178867758E+02  2.713193201001213E+01
 5.927600000000000E+04  7.628020138231706E+03  1.837401798455887E-03  3.532177246432370E-03  2.340761424817783E+01  3.582373478723602E+02  3.543137392216065E+01
 5.927700000000000E+04  7.628031961482796E+03  1.631405245599209E-03  3.647984869922473E-03  1.913706629774133E+01  1.615003344744739E+01  4.366653992166501E+01
 5.927800000000000E+04  7.628067009993973E+03  1.392651129087117E-03  3.791795335849800E-03  1.590035892611906E+01  3.316033303790714E+01  5.177043255864785E+01
 5.927900000000000E+04  7.628104904137891E+03  1.123526514804362E-03  3.919008248964973E-03  1.366202165723909E+01  4.932605724697459E+01  5.972076110826611E+01
 5.928000000000000E+04  7.628124079849501E+03  8.285129548477790E-04  3.993705720363000E-03  1.211263082542494E+01  6.493635604656552E+01  6.753775082497521E+01
 5.928100000000000E+04  7.628112887031764E+03  5.147392825890798E-04  3.995958562787256E-03  1.084063474132951E+01  8.042259343914175E+01  7.520146768005809E+01
 5.928200000000000E+04  7.628075583808093E+03  1.909883704295505E-04  3.923389411404458E-03  9.423833071246063E+00  9.702261681843841E+01  8.189612773535622E+01
 5.928300000000000E+04  7.628030252242028E+03  1.348584853051876E-04  3.789646172033702E-03  7.471437966063942E+00  2.871249930003098E+02  2.756238631291311E+02
 5.928400000000000E+04  7.627999721082673E+03  4.553029767496015E-04  3.620842559426281E-03  4.666014735083009E+00  3.055643544300352E+02  2.818674746654572E+02
 5.928500000000000E+04  7.628000060158224E+03  7.663572538844331E-04  3.449933342309269E-03  8.356112197036393E-01  3.230632782681280E+02  2.900764205093235E+02
 5.928600000000000E+04  7.628032418592985E+03  1.063856336870670E-03  3.308918478679351E-03  3.560472520814754E+02  3.413014918675846E+02  2.985040736667777E+02
 5.928700000000000E+04  7.628082273679704E+03  1.342517420175969E-03  3.220008637215011E-03  3.506528520334073E+02  1.814112202982730E-01  3.068962095447691E+02
 5.928800000000000E+04  7.628126570453443E+03  1.595163051090122E-03  3.189103090942858E-03  3.451974246393245E+02  1.924292929162383E+01  3.151679595223821E+02
 5.928900000000000E+04  7.628145205348211E+03  1.813750733620701E-03  3.205389317020647E-03  3.402040550608496E+02  3.795528546006623E+01  3.233269554035554E+02
 5.929000000000000E+04  7.628131088085688E+03  1.991474856076378E-03  3.247150923817089E-03  3.359889014389445E+02  5.593976064773783E+01  3.314356615507261E+02
 5.929100000000001E+04  7.628093640416141E+03  2.124519642198603E-03  3.289493135432307E-03  3.326215606981505E+02  7.305334959315000E+01  3.395673911773577E+02
 5.929200000000000E+04  7.628053871337933E+03  2.212292158698786E-03  3.309882998321282E-03  3.299928211800561E+02  8.936109744587741E+01  3.477662693623056E+02
 5.929300000000000E+04  7.628033493105189E+03  2.255982748890867E-03  3.290667591534148E-03  3.278945813000814E+02  1.050767885194232E+02  3.560266478069314E+02
 5.929400000000001E+04  7.628043658394395E+03  2.256450397843600E-03  3.219962003628340E-03  3.260617199405895E+02  1.205125899903150E+02  4.301570715736949E+00
 5.929500000000000E+04  7.628079155447117E+03  2.212949303379108E-03  3.092510753709957E-03  3.241739034591519E+02  1.360441855835356E+02  1.253578203517708E+01
 5.929600000000000E+04  7.628121080377094E+03  2.123638349444370E-03  2.911431102286293E-03  3.218350834721256E+02  1.520933479751979E+02  2.070359833774800E+01
 5.929700000000000E+04  7.628146615776820E+03  1.987508479181195E-03  2.690851554318654E-03  3.185610802592064E+02  1.691205467824736E+02  2.882868592215517E+01
 5.929800000000000E+04  7.628140830207173E+03  1.806338406577994E-03  2.458194180047323E-03  3.138402438374640E+02  1.875736201221632E+02  3.697473919403249E+01
 5.929900000000000E+04  7.628104414020624E+03  1.585309780955133E-03  2.252428021998547E-03  3.073887399031124E+02  2.076658681783900E+02  4.521215226657409E+01
 5.930000000000000E+04  7.628053438597577E+03  1.331864141905034E-03  2.111907441636670E-03  2.996419481000081E+02  2.289270048326667E+02  5.357573513850372E+01
 5.930100000000000E+04  7.628011316609822E+03  1.053563458980051E-03  2.050836985173725E-03  2.920016131279267E+02  2.499901342524711E+02  6.203063575260804E+01
 5.930200000000000E+04  7.627997103011596E+03  7.563963091283452E-04  2.043678567438301E-03  2.860977726676035E+02  2.693480159215163E+02  7.045415484928004E+01
 5.930300000000001E+04  7.628016087379179E+03  4.446677875282442E-04  2.039212930261148E-03  2.826992262282027E+02  2.865032165203330E+02  7.857508490708503E+01
 5.930400000000000E+04  7.628057312716492E+03  1.225214028089010E-04  1.990009746388746E-03  2.815446492945124E+02  3.036626408296434E+02  8.444799492374315E+01
 5.930500000000000E+04  7.628099260857649E+03  2.051711762794679E-04  1.870374107785693E-03  2.818273808376410E+02  1.316580185117623E+02  2.780478906712677E+02
 5.930600000000000E+04  7.628120776789227E+03  5.298097174001467E-04  1.678193254932428E-03  2.825631777626435E+02  1.460463179082381E+02  2.848020178168103E+02
 5.930700000000000E+04  7.628111741204442E+03  8.429720473718379E-04  1.429085492618638E-03  2.826548962850627E+02  1.601785063779169E+02  2.924564424690089E+02
 5.930800000000000E+04  7.628078136673095E+03  1.136351095894552E-03  1.150108842122395E-03  2.807022806512381E+02  1.761389651487625E+02  3.003269068775189E+02
 5.930900000000000E+04  7.628038953586597E+03  1.403930215254597E-03  8.769693426246665E-04  2.745510944510098E+02  1.961156005092522E+02  3.083796528566335E+02
 5.931000000000000E+04  7.628016454769226E+03  1.642177979218377E-03  6.563487288221537E-04  2.609607545254817E+02  2.233674592155003E+02  3.165962114757186E+02
 5.931100000000000E+04  7.628024677086469E+03  1.848748615379344E-03  5.426508998106389E-04  2.387037568844835E+02  2.591829819947222E+02  3.249157186221778E+02
 5.931200000000000E+04  7.628062012464949E+03  2.020588799834080E-03  5.476497096511908E-04  2.160804852358632E+02  2.953478550752554E+02  3.332522107100666E+02
 5.931300000000000E+04  7.628111721317987E+03  2.152911793107520E-03  6.047122697427087E-04  2.011603904974923E+02  3.238633666825376E+02  3.415350294070494E+02
 5.931400000000000E+04  7.628150233053926E+03  2.239932462950913E-03  6.454748981332407E-04  1.924009513075129E+02  3.462952354109473E+02  3.497409892095121E+02
 5.931500000000000E+04  7.628159062464309E+03  2.276951251088493E-03  6.380020302170762E-04  1.861135570356473E+02  6.303033270186505E+00  3.578990659052668E+02
 5.931600000000000E+04  7.628134202409770E+03  2.262373077753552E-03  5.766487322717862E-04  1.790642333428255E+02  2.706281875204223E+01  6.067072705992663E+00
 5.931700000000001E+04  7.628088162114490E+03  2.198295582064714E-03  4.773488082989079E-04  1.671111416032307E+02  5.266702252782701E+01  1.429433125526621E+01
 5.931800000000000E+04  7.628043557312190E+03  2.089269554614066E-03  3.904724227194537E-04  1.436302573858646E+02  8.973097787222768E+01  2.258951017794625E+01
 5.931900000000000E+04  7.628021570600622E+03  1.940071787046752E-03  4.121295479673116E-04  1.099257688414134E+02  1.369922152018925E+02  3.091094663919982E+01
 5.932000000000000E+04  7.628031275736421E+03  1.754019187071428E-03  5.731657893598846E-04  8.604238164676292E+01  1.744780238883984E+02  3.918675154005341E+01
 5.932100000000001E+04  7.628065235500979E+03  1.532953713042131E-03  8.056362122372125E-04  7.488004545608716E+01  1.993503034468969E+02  4.735517643575773E+01
 5.932200000000001E+04  7.628103589092149E+03  1.278793614714618E-03  1.057555737377424E-03  7.017630242057817E+01  2.178861258337465E+02  5.540164840750383E+01
 5.932300000000000E+04  7.628124419407810E+03  9.954072390507089E-04  1.300337064320407E-03  6.850503226556928E+01  2.334671970240516E+02  6.337053761813005E+01
 5.932400000000001E+04  7.628115059641481E+03  6.894209801076342E-04  1.514822312876656E-03  6.828296453596192E+01  2.475963840994214E+02  7.134213371259463E+01
 5.932500000000000E+04  7.628078618870481E+03  3.694015536593123E-04  1.686887776566312E-03  6.862005790989842E+01  2.611246952371001E+02  7.935533665122664E+01
 5.932600000000000E+04  7.628032484733403E+03  4.399401749646825E-05  1.807698915179492E-03  6.883240235456640E+01  2.765568210928117E+02  8.558927395692236E+01
 5.932700000000000E+04  7.627999609567762E+03  2.799514850798710E-04  1.876727896211139E-03  6.823050983976165E+01  1.077577584200334E+02  2.768684279797286E+02
 5.932800000000001E+04  7.627996965148115E+03  5.973712910775549E-04  1.907118590426834E-03  6.607045720625027E+01  1.233678657320237E+02  2.852964418771046E+02
 5.932900000000000E+04  7.628026941746352E+03  9.041916926658072E-04  1.931397148892357E-03  6.175369347302426E+01  1.410046215039068E+02  2.938545200646442E+02
 5.933000000000000E+04  7.628076012056591E+03  1.195295025403552E-03  1.999485930722165E-03  5.539360842324441E+01  1.607682638674164E+02  3.023291640974581E+02
 5.933100000000000E+04  7.628121377678643E+03  1.463645695848494E-03  2.156779422061223E-03  4.829995452028360E+01  1.814177035341795E+02  3.106517842436673E+02
 5.933200000000000E+04  7.628142347733547E+03  1.701063256042326E-03  2.410566351657731E-03  4.228838725733906E+01  2.011228917793882E+02  3.188367640097456E+02
 5.933300000000000E+04  7.628130676910881E+03  1.900221807298678E-03  2.722167400697264E-03  3.830228665575389E+01  2.188720859309970E+02  3.269523843046691E+02
 5.933400000000000E+04  7.628094645893287E+03  2.056527085963586E-03  3.033245576210176E-03  3.614060518875408E+01  2.347854627808128E+02  3.350794082790331E+02
 5.933500000000000E+04  7.628054714338162E+03  2.168617171242761E-03  3.294708518976846E-03  3.509307030463395E+01  2.495205187623074E+02  3.432705362299492E+02
 5.933600000000000E+04  7.628032916531199E+03  2.237153169839421E-03  3.479911421109676E-03  3.443806990521901E+01  2.637970170869391E+02  3.515276111085103E+02
 5.933700000000000E+04  7.628041438957796E+03  2.262736795406207E-03  3.584943387222080E-03  3.360778650037500E+01  2.782260602710944E+02  3.598074089108561E+02
 5.933800000000000E+04  7.628076249982704E+03  2.244444779401974E-03  3.623099199823725E-03  3.220160417582234E+01  2.932651044980795E+02  8.053175182942876E+00
 5.933900000000000E+04  7.628119126719501E+03  2.180079235959908E-03  3.618235297790237E-03  2.997224821060166E+01  3.091930814085558E+02  1.623330807792589E+01
 5.934000000000000E+04  7.628147049277990E+03  2.067975752613786E-03  3.598882572596690E-03  2.682902762259402E+01  3.260847016676144E+02  2.436377496871433E+01
 5.934100000000000E+04  7.628144095533806E+03  1.909075703632221E-03  3.593038809510164E-03  2.285821433636723E+01  3.437965142777888E+02  3.250167635745773E+01
 5.934200000000001E+04  7.628109691057417E+03  1.707811153316443E-03  3.623054334292172E-03  1.832961183433876E+01  1.991824071886286E+00  4.071379932920247E+01
 5.934300000000000E+04  7.628058997772837E+03  1.471196897279981E-03  3.700904712419701E-03  1.364614255950012E+01  2.023296988502046E+01  4.903480855604328E+01
 5.934400000000000E+04  7.628015309508727E+03  1.206735851172212E-03  3.825450844813060E-03  9.227529912404577E+00  3.813233815801737E+01  5.743259356747440E+01
 5.934500000000000E+04  7.627998393838225E+03  9.205485396018377E-04  3.983236821933865E-03  5.383124297844065E+00  5.549660262354611E+01  6.579120897844368E+01
 5.934600000000000E+04  7.628014710885495E+03  6.169855558472594E-04  4.152582555333798E-03  2.245258101492537E+00  7.242189979393692E+01  7.388230950664946E+01
 5.934700000000000E+04  7.628054390715618E+03  2.999203107293337E-04  4.309067065090562E-03  3.597805432088334E+02  8.967359751992711E+01  8.097402585648878E+01
 5.934800000000000E+04  7.628096399916831E+03  2.885349362028129E-05  4.430474710258605E-03  3.578431947741777E+02  2.575444414592921E+02  2.969194416562772E+02
 5.934900000000000E+04  7.628119255855523E+03  3.532414324463475E-04  4.500279926511085E-03  3.562296351691282E+02  2.965113104888889E+02  2.814452121369516E+02
 5.935000000000000E+04  7.628111862827289E+03  6.725817693076137E-04  4.509533961848998E-03  3.547151993357954E+02  3.129429142423135E+02  2.884071817654674E+02
 5.935100000000000E+04  7.628079083430245E+03  9.759512933000758E-04  4.457650977322620E-03  3.530718109691119E+02  3.288214764837879E+02  2.960510767716329E+02
 5.935200000000000E+04  7.628039230054908E+03  1.256774537952929E-03  4.352716822617049E-03  3.510758048764950E+02  3.447551415150366E+02  3.039923347773837E+02
 5.935300000000000E+04  7.628014698554588E+03  1.510990713424340E-03  4.211730646269700E-03  3.485225084442148E+02  1.031297919407350E+00  3.121482356323314E+02
 5.935400000000000E+04  7.628020439497202E+03  1.735945702470865E-03  4.060318125451038E-03  3.452718274953879E+02  1.787184257639514E+01  3.204370481321120E+02
 5.935500000000000E+04  7.628056095364826E+03  1.928513511575321E-03  3.929971008945679E-03  3.413448929100864E+02  3.535386938605158E+01  3.287606549302007E+02
 5.935600000000000E+04  7.628105872613010E+03  2.083867038653872E-03  3.850086649656209E-03  3.370408885612550E+02  5.325974626997095E+01  3.370375932207866E+02
 5.935700000000000E+04  7.628146343381510E+03  2.195941117382195E-03  3.834970083101922E-03  3.329477726046753E+02  7.103421354414573E+01  3.452351941044918E+02
 5.935800000000000E+04  7.628158257623590E+03  2.259380607052624E-03  3.872946319173447E-03  3.297252162149977E+02  8.799479535042570E+01  3.533762249289732E+02
 5.935900000000000E+04  7.628136320723315E+03  2.271664820707776E-03  3.927601905886707E-03  3.277706204002822E+02  1.036875713196753E+02  1.517128162308081E+00
 5.936000000000001E+04  7.628091868479803E+03  2.233970170332448E-03  3.952286322941154E-03  3.270451051154521E+02  1.180985083967795E+02  9.710745546972076E+00
 5.936100000000001E+04  7.628047037141648E+03  2.150193455941303E-03  3.908533325477917E-03  3.271470775070496E+02  1.316136697354269E+02  1.797257943531371E+01
 5.936200000000000E+04  7.628023446969771E+03  2.024797961741072E-03  3.778918186324849E-03  3.274949273729966E+02  1.448491079786320E+02  2.626821788206037E+01
 5.936300000000000E+04  7.628031248997127E+03  1.860959989986644E-03  3.570678086535807E-03  3.274877299871628E+02  1.584730673492300E+02  3.453041243971539E+01
 5.936400000000001E+04  7.628064148430125E+03  1.660282282095800E-03  3.311036022243722E-03  3.266147746112409E+02  1.730577087760458E+02  4.269778456875425E+01
 5.936500000000000E+04  7.628102884532321E+03  1.424180734766641E-03  3.037449588574269E-03  3.245432340897457E+02  1.889535743142456E+02  5.075264869680755E+01
 5.936600000000001E+04  7.628125304168805E+03  1.155829776889286E-03  2.786413217458949E-03  3.212125704672777E+02  2.061806531083155E+02  5.873551702894739E+01
 5.936700000000001E+04  7.628117808643754E+03  8.612185668749825E-04  2.583626690214124E-03  3.169105711273928E+02  2.243703540578936E+02  6.672710172797576E+01
 5.936800000000001E+04  7.628082361755603E+03  5.485798897248203E-04  2.437956440031965E-03  3.122388612893016E+02  2.428526507338870E+02  7.479570100918362E+01
 5.936900000000000E+04  7.628035577523878E+03  2.265835171848230E-04  2.341386394412592E-03  3.079123595010226E+02  2.610509747814917E+02  8.280290395243979E+01
 5.937000000000000E+04  7.628000394225059E+03  9.756375543899577E-05  2.274741252296907E-03  3.045039968488750E+02  9.592210669260206E+01  2.732190166043418E+02
 5.937100000000000E+04  7.627994558880020E+03  4.185494409523263E-04  2.215490628415755E-03  3.023152457922587E+02  1.123721545529447E+02  2.808365537836981E+02
 5.937200000000000E+04  7.628021691327805E+03  7.322848074827095E-04  2.143569920536652E-03  3.014080535045748E+02  1.266691852572403E+02  2.893256351727312E+02
 5.937300000000000E+04  7.628069374670505E+03  1.033825842612378E-03  2.044049832587028E-03  3.017023270505690E+02  1.398022459465654E+02  2.977774190313378E+02
 5.937400000000000E+04  7.628115280225823E+03  1.316330715049126E-03  1.907782955582637E-03  3.030594287449707E+02  1.520179707989567E+02  3.060839491790497E+02
 5.937500000000000E+04  7.628138284948278E+03  1.571543502848930E-03  1.731235287641463E-03  3.053339983746616E+02  1.634563027026682E+02  3.142505935705660E+02
 5.937600000000000E+04  7.628129026731074E+03  1.791658557455146E-03  1.516118346415079E-03  3.084085771322166E+02  1.741676731305328E+02  3.223442652947158E+02
 5.937700000000000E+04  7.628094546188667E+03  1.971293837342162E-03  1.268987698059141E-03  3.122346525055495E+02  1.841168332532442E+02  3.304486014365755E+02
 5.937800000000001E+04  7.628054592672196E+03  2.108254406478992E-03  1.000827758350740E-03  3.169219772449022E+02  1.931359041893591E+02  3.386216513343276E+02
 5.937900000000000E+04  7.628031402864467E+03  2.202577616104609E-03  7.267419371983482E-04  3.230040264688060E+02  2.006841829330064E+02  3.468706447283473E+02
 5.938000000000000E+04  7.628038155084608E+03  2.254518780184718E-03  4.664855445722011E-04  3.324366494301138E+02  2.048464951846155E+02  3.551549775943150E+02
 5.938100000000000E+04  7.628072063295668E+03  2.262924336035911E-03  2.512663238540546E-04  3.533674743570644E+02  1.975339515638963E+02  3.416005419689249E+00
 5.938200000000000E+04  7.628115721460930E+03  2.225218294376333E-03  1.649109712570047E-04  4.710876987691557E+01  1.574717669277682E+02  1.161630703241776E+01
 5.938300000000001E+04  7.628146044088283E+03  2.139058620871843E-03  2.416827958476531E-04  8.384545297421141E+01  1.344662053144945E+02  1.976469573304005E+01
 5.938400000000001E+04  7.628146183329201E+03  2.004493997785063E-03  3.453553974282407E-04  8.817922468891535E+01  1.438637363998795E+02  2.791293015324190E+01
 5.938500000000000E+04  7.628114233035396E+03  1.825108145283913E-03  4.652815716188830E-04  8.033578980089260E+01  1.653729098837429E+02  3.612666126475583E+01
 5.938600000000000E+04  7.628064287262933E+03  1.607371072678184E-03  6.464115306744915E-04  6.982472794665307E+01  1.894449773436258E+02  4.444499545157115E+01
 5.938700000000000E+04  7.628019352503018E+03  1.358625667085688E-03  9.142951119699780E-04  6.241829263984626E+01  2.103285816393046E+02  5.284704576999851E+01
 5.938800000000001E+04  7.627999806907252E+03  1.085064755295507E-03  1.253642102876074E-03  5.916416675605011E+01  2.270688980268035E+02  6.124003588498325E+01
 5.938900000000000E+04  7.628013312850802E+03  7.910637780854077E-04  1.625352505029302E-03  5.887207688605482E+01  2.410170675225497E+02  6.946321285035441E+01
 5.939000000000000E+04  7.628051186736634E+03  4.802387918655226E-04  1.985461031900405E-03  6.020338940671475E+01  2.538117797108036E+02  7.721661059464888E+01
 5.939100000000000E+04  7.628093005366375E+03  1.574412075413184E-04  2.297692698396990E-03  6.213171313350931E+01  2.684868814018283E+02  8.249279246938387E+01
 5.939200000000000E+04  7.628117037652780E+03  1.718088088856256E-04  2.540753197864631E-03  6.390640836873538E+01  9.254559170827505E+01  2.785391163600642E+02
 5.939300000000000E+04  7.628111245531508E+03  4.966838531794752E-04  2.710407546041793E-03  6.498080801677716E+01  1.079599091920143E+02  2.839301351485917E+02
 5.939400000000000E+04  7.628079345267890E+03  8.096818220799060E-04  2.817489512097409E-03  6.497785898607654E+01  1.223797641430971E+02  2.913928569030847E+02
 5.939500000000000E+04  7.628038892266341E+03  1.103542702522553E-03  2.883714239787505E-03  6.369261825367518E+01  1.376438086774081E+02  2.992935136896911E+02
 5.939600000000000E+04  7.628012330848330E+03  1.373598197477823E-03  2.936414298601280E-03  6.112168755311396E+01  1.539354823627880E+02  3.074520917877585E+02
 5.939700000000000E+04  7.628015478357392E+03  1.616798271383878E-03  3.002480362049939E-03  5.749019898224943E+01  1.711320460879122E+02  3.157663029593662E+02
 5.939800000000000E+04  7.628049257007338E+03  1.829879431311294E-03  3.102136817518035E-03  5.322389424143001E+01  1.889157259774495E+02  3.241283151062869E+02
 5.939900000000001E+04  7.628098925112484E+03  2.007956122351293E-03  3.244384004973723E-03  4.883573879456464E+01  2.068640833678035E+02  3.324477066742200E+02
 5.940000000000000E+04  7.628141305436385E+03  2.144708858131355E-03  3.425991203440148E-03  4.477379860876110E+01  2.245702441174212E+02  3.406833124096243E+02
 5.940100000000000E+04  7.628156439998108E+03  2.234175087779387E-03  3.634001149596688E-03  4.132068628090258E+01  2.417346281278604E+02  3.488520375991469E+02
 5.940200000000000E+04  7.628137686195229E+03  2.272947272890626E-03  3.849619643670724E-03  3.858137479357035E+01  2.581971798053636E+02  3.570088454618477E+02
 5.940300000000000E+04  7.628095082712864E+03  2.261293947717316E-03  4.051811748530900E-03  3.652371692869902E+01  2.739337732156115E+02  5.209890951616367E+00
 5.940400000000000E+04  7.628050184784292E+03  2.202449099550534E-03  4.220221443056633E-03  3.502390729368295E+01  2.890458097245101E+02  1.347751551151497E+01
 5.940500000000000E+04  7.628025015568691E+03  2.100552891315835E-03  4.337925597455022E-03  3.389635700418406E+01  3.037456063816526E+02  2.178500764388110E+01
 5.940600000000001E+04  7.628030869409516E+03  1.958661854891837E-03  4.394385316221557E-03  3.290987124938049E+01  3.183261583159942E+02  3.007064468895233E+01
 5.940700000000000E+04  7.628062695891160E+03  1.778198597668680E-03  4.388263989953715E-03  3.180120894875184E+01  3.331104398194031E+02  3.827478196022773E+01
 5.940800000000001E+04  7.628101928187701E+03  1.560156041035408E-03  4.329426728285660E-03  3.029666977756516E+01  3.483910218580034E+02  4.637859454627660E+01
 5.940825000000000E+04  7.628094756533000E+03  1.446538107790974E-04  4.310936404731886E-03  2.982090265340662E+01  2.132676443024915E+02  2.774474090976215E+02
