# THALASSA - STATISTICS                                                                                                                                                                                                             
#===================================================================================================================================================================================================================================
#    CALLS      STEPS                    TOL               CPUT [s]                    MJD               SMA [km]                ECC [-]              INC [deg]             RAAN [deg]              AOP [deg]               MA [deg]
    125766      60856  1.000000000000000E-13  1.235000000000000E+00  5.906900072133668E+04  6.508122800420135E+03  1.572746270412157E-03  1.653502122480329E-03  3.513030099771777E+02  1.102942982111756E+02  3.473486676397831E+02
    125766      60856  1.000000000000000E-13  1.345000000000000E+00  5.906900072133668E+04  6.508122800420135E+03  1.572746270412157E-03  1.653502122480329E-03  3.513030099771777E+02  1.102942982111756E+02  3.473486676397831E+02
    125766      60856  1.000000000000000E-13  1.338000000000000E+00  5.906900072133668E+04  6.508122800420135E+03  1.572746270412157E-03  1.653502122480329E-03  3.513030099771777E+02  1.102942982111756E+02  3.473486676397831E+02
    125766      60856  1.000000000000000E-13  1.256000000000000E+00  5.906900072133668E+04  6.508122800420135E+03  1.572746270412157E-03  1.653502122480329E-03  3.513030099771777E+02  1.102942982111756E+02  3.473486676397831E+02
    125766      60856  1.000000000000000E-13  1.280000000000000E+00  5.906900072133668E+04  6.508122800420135E+03  1.572746270412157E-03  1.653502122480329E-03  3.513030099771777E+02  1.102942982111756E+02  3.473486676397831E+02
    125766      60856  1.000000000000000E-13  1.190000000000000E+00  5.906900072133668E+04  6.508122800420135E+03  1.572746270412157E-03  1.653502122480329E-03  3.513030099771777E+02  1.102942982111756E+02  3.473486676397831E+02
    125766      60856  1.000000000000000E-13  1.242000000000000E+00  5.906900072133668E+04  6.508122800420135E+03  1.572746270412157E-03  1.653502122480329E-03  3.513030099771777E+02  1.102942982111756E+02  3.473486676397831E+02
    125766      60856  1.000000000000000E-13  1.231000000000000E+00  5.906900072133668E+04  6.508122800420135E+03  1.572746270412157E-03  1.653502122480329E-03  3.513030099771777E+02  1.102942982111756E+02  3.473486676397831E+02
    125766      60856  1.000000000000000E-13  1.248000000000000E+00  5.906900072133668E+04  6.508122800420135E+03  1.572746270412157E-03  1.653502122480329E-03  3.513030099771777E+02  1.102942982111756E+02  3.473486676397831E+02
    125766      60856  1.000000000000000E-13  1.280000000000000E+00  5.906900072133668E+04  6.508122800420135E+03  1.572746270412157E-03  1.653502122480329E-03  3.513030099771777E+02  1.102942982111756E+02  3.473486676397831E+02
    125766      60856  1.000000000000000E-13  1.288000000000000E+00  5.906900072133668E+04  6.508122800420135E+03  1.572746270412157E-03  1.653502122480329E-03  3.513030099771777E+02  1.102942982111756E+02  3.473486676397831E+02
    125766      60856  1.000000000000000E-13  1.232000000000000E+00  5.906900072133668E+04  6.508122800420135E+03  1.572746270412157E-03  1.653502122480329E-03  3.513030099771777E+02  1.102942982111756E+02  3.473486676397831E+02
    125766      60856  1.000000000000000E-13  1.891000000000000E+00  5.906900072133668E+04  6.508122800420135E+03  1.572746270412157E-03  1.653502122480329E-03  3.513030099771777E+02  1.102942982111756E+02  3.473486676397831E+02
    125766      60856  1.000000000000000E-13  1.886000000000000E+00  5.906900072133668E+04  6.508122800420135E+03  1.572746270412157E-03  1.653502122480329E-03  3.513030099771777E+02  1.102942982111756E+02  3.473486676397831E+02
    125766      60856  1.000000000000000E-13  1.938000000000000E+00  5.906900072133668E+04  6.508122800420135E+03  1.572746270412157E-03  1.653502122480329E-03  3.513030099771777E+02  1.102942982111756E+02  3.473486676397831E+02
    125766      60856  1.000000000000000E-13  1.924000000000000E+00  5.906900072133668E+04  6.508122800420135E+03  1.572746270412157E-03  1.653502122480329E-03  3.513030099771777E+02  1.102942982111756E+02  3.473486676397831E+02
    125766      60856  1.000000000000000E-13  1.944000000000000E+00  5.906900072133668E+04  6.508122800420135E+03  1.572746270412157E-03  1.653502122480329E-03  3.513030099771777E+02  1.102942982111756E+02  3.473486676397831E+02
    125766      60856  1.000000000000000E-13  1.893000000000000E+00  5.906900072133668E+04  6.508122800420135E+03  1.572746270412157E-03  1.653502122480329E-03  3.513030099771777E+02  1.102942982111756E+02  3.473486676397831E+02
    125766      60856  1.000000000000000E-13  1.909000000000000E+00  5.906900072133668E+04  6.508122800420135E+03  1.572746270412157E-03  1.653502122480329E-03  3.513030099771777E+02  1.102942982111756E+02  3.473486676397831E+02
    125766      60856  1.000000000000000E-13  1.889000000000000E+00  5.906900072133668E+04  6.508122800420135E+03  1.572746270412157E-03  1.653502122480329E-03  3.513030099771777E+02  1.102942982111756E+02  3.473486676397831E+02
    125766      60856  1.000000000000000E-13  1.887000000000000E+00  5.906900072133668E+04  6.508122800420135E+03  1.572746270412157E-03  1.653502122480329E-03  3.513030099771777E+02  1.102942982111756E+02  3.473486676397831E+02
    125766      60856  1.000000000000000E-13  1.898000000000000E+00  5.906900072133668E+04  6.508122800420135E+03  1.572746270412157E-03  1.653502122480329E-03  3.513030099771777E+02  1.102942982111756E+02  3.473486676397831E+02
    125766      60856  1.000000000000000E-13  1.890000000000000E+00  5.906900072133668E+04  6.508122800420135E+03  1.572746270412157E-03  1.653502122480329E-03  3.513030099771777E+02  1.102942982111756E+02  3.473486676397831E+02
    125766      60856  1.000000000000000E-13  1.916000000000000E+00  5.906900072133668E+04  6.508122800420135E+03  1.572746270412157E-03  1.653502122480329E-03  3.513030099771777E+02  1.102942982111756E+02  3.473486676397831E+02
    125766      60856  1.000000000000000E-13  1.881000000000000E+00  5.906900072133668E+04  6.508122800420135E+03  1.572746270412157E-03  1.653502122480329E-03  3.513030099771777E+02  1.102942982111756E+02  3.473486676397831E+02
    125766      60856  1.000000000000000E-13  1.890000000000000E+00  5.906900072133668E+04  6.508122800420135E+03  1.572746270412157E-03  1.653502122480329E-03  3.513030099771777E+02  1.102942982111756E+02  3.473486676397831E+02
    125766      60856  1.000000000000000E-13  1.888000000000000E+00  5.906900072133668E+04  6.508122800420135E+03  1.572746270412157E-03  1.653502122480329E-03  3.513030099771777E+02  1.102942982111756E+02  3.473486676397831E+02
    125766      60856  1.000000000000000E-13  1.907000000000000E+00  5.906900072133668E+04  6.508122800420135E+03  1.572746270412157E-03  1.653502122480329E-03  3.513030099771777E+02  1.102942982111756E+02  3.473486676397831E+02
    125766      60856  1.000000000000000E-13  1.922000000000000E+00  5.906900072133668E+04  6.508122800420135E+03  1.572746270412157E-03  1.653502122480329E-03  3.513030099771777E+02  1.102942982111756E+02  3.473486676397831E+02
    125766      60856  1.000000000000000E-13  1.889000000000000E+00  5.906900072133668E+04  6.508122800420135E+03  1.572746270412157E-03  1.653502122480329E-03  3.513030099771777E+02  1.102942982111756E+02  3.473486676397831E+02
    125766      60856  1.000000000000000E-13  1.884000000000000E+00  5.906900072133668E+04  6.508122800420135E+03  1.572746270412157E-03  1.653502122480329E-03  3.513030099771777E+02  1.102942982111756E+02  3.473486676397831E+02
    125766      60856  1.000000000000000E-13  1.905000000000000E+00  5.906900072133668E+04  6.508122800420135E+03  1.572746270412157E-03  1.653502122480329E-03  3.513030099771777E+02  1.102942982111756E+02  3.473486676397831E+02
    125766      60856  1.000000000000000E-13  1.908000000000000E+00  5.906900072133668E+04  6.508122800420135E+03  1.572746270412157E-03  1.653502122480329E-03  3.513030099771777E+02  1.102942982111756E+02  3.473486676397831E+02
    125766      60856  1.000000000000000E-13  1.909000000000000E+00  5.906900072133668E+04  6.508122800420135E+03  1.572746270412157E-03  1.653502122480329E-03  3.513030099771777E+02  1.102942982111756E+02  3.473486676397831E+02
    125766      60856  1.000000000000000E-13  1.883000000000000E+00  5.906900072133668E+04  6.508122800420135E+03  1.572746270412157E-03  1.653502122480329E-03  3.513030099771777E+02  1.102942982111756E+02  3.473486676397831E+02
    125766      60856  1.000000000000000E-13  1.884000000000000E+00  5.906900072133668E+04  6.508122800420135E+03  1.572746270412157E-03  1.653502122480329E-03  3.513030099771777E+02  1.102942982111756E+02  3.473486676397831E+02
    125766      60856  1.000000000000000E-13  1.900000000000000E+00  5.906900072133668E+04  6.508122800420135E+03  1.572746270412157E-03  1.653502122480329E-03  3.513030099771777E+02  1.102942982111756E+02  3.473486676397831E+02
    125766      60856  1.000000000000000E-13  1.887000000000000E+00  5.906900072133668E+04  6.508122800420135E+03  1.572746270412157E-03  1.653502122480329E-03  3.513030099771777E+02  1.102942982111756E+02  3.473486676397831E+02
    125766      60856  1.000000000000000E-13  1.918000000000000E+00  5.906900072133668E+04  6.508122800420135E+03  1.572746270412157E-03  1.653502122480329E-03  3.513030099771777E+02  1.102942982111756E+02  3.473486676397831E+02
    125766      60856  1.000000000000000E-13  1.911000000000000E+00  5.906900072133668E+04  6.508122800420135E+03  1.572746270412157E-03  1.653502122480329E-03  3.513030099771777E+02  1.102942982111756E+02  3.473486676397831E+02
    125766      60856  1.000000000000000E-13  1.939000000000000E+00  5.906900072133668E+04  6.508122800420135E+03  1.572746270412157E-03  1.653502122480329E-03  3.513030099771777E+02  1.102942982111756E+02  3.473486676397831E+02
    125766      60856  1.000000000000000E-13  1.885000000000000E+00  5.906900072133668E+04  6.508122800420135E+03  1.572746270412157E-03  1.653502122480329E-03  3.513030099771777E+02  1.102942982111756E+02  3.473486676397831E+02
    125766      60856  1.000000000000000E-13  1.903000000000000E+00  5.906900072133668E+04  6.508122800420135E+03  1.572746270412157E-03  1.653502122480329E-03  3.513030099771777E+02  1.102942982111756E+02  3.473486676397831E+02
    125766      60856  1.000000000000000E-13  1.879000000000000E+00  5.906900072133668E+04  6.508122800420135E+03  1.572746270412157E-03  1.653502122480329E-03  3.513030099771777E+02  1.102942982111756E+02  3.473486676397831E+02
    125766      60856  1.000000000000000E-13  1.893000000000000E+00  5.906900072133668E+04  6.508122800420135E+03  1.572746270412157E-03  1.653502122480329E-03  3.513030099771777E+02  1.102942982111756E+02  3.473486676397831E+02
    131242      62944  1.000000000000000E-13  2.115000000000000E+00  5.940825000000000E+04  4.319475904793009E+04  4.184909832924298E-02  1.308992149848125E+01  3.576567194264765E+02  1.001044312811708E+01  6.565490218385166E+01
    130694      62692  1.000000000000000E-13  2.132000000000000E+00  5.940825000000000E+04  4.319475904809327E+04  4.184909830533710E-02  1.308992149854366E+01  3.576567194274134E+02  1.001044312669078E+01  6.565490168326187E+01
    131226      62886  1.000000000000000E-13  2.120000000000000E+00  5.511525000000000E+04  4.319767621409178E+04  3.975830024664018E-02  1.336733423960325E+01  3.578489997221958E+02  1.204017368729185E+01  7.400633225139620E+01
    262903     125968  1.000000000000000E-13  3.977000000000000E+00  5.548050000000000E+04  4.319196057863561E+04  4.008353284835801E-02  1.345612944847237E+01  3.554988357620677E+02  2.436410314505758E+01  1.481959550443184E+02
    264315     126653  1.000000000000000E-13  3.960000000000000E+00  5.593050000000000E+04  4.320256801365042E+04  3.562449990548099E-02  1.348142984098086E+01  3.550371987300483E+02  1.789509720399552E+01  1.146136033878652E+02
    526311     252227  1.000000000000000E-13  7.877000000000000E+00  5.666100000000000E+04  4.319613576191555E+04  3.082554440467480E-02  1.347549588616871E+01  3.492824897724446E+02  3.805286946347933E+01  2.292832455545816E+02
